#Name	Orbits	Mass(kg)	Diam(m)	Perihelion(m)	Aphelion(m)	orbPeriod(days)	rotationalPeriod(hours)	axialtilt(deg)	orbinclin(deg)
Sun	NaN	1.9891e+30	1.391684e+09	0	0	0	587.28	0	0
Body1	Sun	6.5537e+25	3.950831e+07	2.158637e+12	2.619094e+12	23311.08	62.15	11.96	21.95
Body2	Sun	2.4104e+26	4.700546e+07	2.888111e+12	4.032158e+12	40636.33	158.41	26.85	1.23
Body3	Sun	8.1917e+27	1.576985e+08	5.761536e+12	6.029791e+12	90380.33	224.17	18.94	26.98
Body4	Sun	7.7363e+27	1.475409e+08	2.140078e+11	2.650435e+11	740.12	512.43	34.87	15.17
Body5	Sun	4.2928e+27	1.282968e+08	4.843480e+11	5.567238e+11	2371.11	580.35	87.35	6.92
Body6	Sun	2.7402e+27	1.684789e+08	4.387505e+12	4.773387e+12	61892.29	728.00	57.32	1.81
Body7	Sun	9.5571e+27	1.773737e+08	7.886134e+11	1.080635e+12	5704.67	203.56	1.54	23.92
Body8	Sun	9.4864e+26	8.349435e+07	1.590881e+12	1.833975e+12	14147.95	135.59	10.46	11.71
Body9	Sun	7.4721e+27	1.502850e+08	5.640302e+12	6.073967e+12	89495.81	849.23	80.19	27.38
Body10	Sun	3.2088e+27	1.395401e+08	1.672312e+12	1.815810e+12	14541.77	596.69	27.91	4.98
Body11	Sun	3.9677e+26	8.219069e+07	1.999719e+12	2.149539e+12	18866.25	248.59	24.34	2.48
Body12	Sun	8.9539e+27	1.770349e+08	3.614810e+12	4.636561e+12	52907.73	98.23	16.11	0.11
Body13	Sun	9.4851e+27	2.063992e+08	7.627218e+11	1.107178e+12	5707.65	430.37	76.74	1.71
Body14	Sun	6.1875e+27	1.676687e+08	5.178400e+12	5.661090e+12	79660.53	133.53	31.78	22.07
Body15	Sun	7.1715e+27	1.464515e+08	6.418705e+10	8.135871e+10	123.95	217.82	44.00	23.14
Body16	Sun	2.5850e+27	1.006556e+08	5.381520e+12	5.747835e+12	82877.17	870.79	51.76	16.54
Body17	Sun	5.1085e+27	1.853113e+08	3.389928e+12	4.885675e+12	53140.95	308.13	46.60	12.33
Body18	Sun	4.1657e+27	1.344298e+08	3.485407e+12	4.672648e+12	52012.75	477.45	22.41	27.76
Body19	Sun	3.2866e+27	1.623874e+08	1.704983e+12	2.326800e+12	18070.72	848.55	43.04	2.92
Body20	Sun	4.3847e+27	1.898085e+08	5.475588e+12	6.070668e+12	87577.32	698.86	84.39	20.90
Body21	Sun	3.9493e+26	6.557356e+07	4.865072e+12	7.005746e+12	91295.82	197.70	44.77	19.69
Body22	Sun	2.2542e+27	1.093638e+08	4.521553e+12	5.860554e+12	74672.06	607.13	41.24	13.96
Body23	Sun	6.9950e+27	1.624631e+08	6.772672e+11	8.769353e+11	4325.05	391.80	30.74	4.39
Body24	Sun	4.7570e+27	1.281424e+08	2.243716e+12	2.848954e+12	25653.60	807.44	18.93	18.79
Body25	Sun	9.7705e+27	2.545118e+08	3.931219e+12	4.167417e+12	51445.54	831.46	8.02	14.16
Body26	Sun	2.5569e+27	1.233635e+08	1.360146e+12	1.732592e+12	12140.72	926.00	29.89	2.06
Body27	Sun	4.2586e+27	1.186884e+08	3.760705e+12	5.361241e+12	61498.02	776.33	6.84	8.52
Body28	Sun	9.5578e+27	2.025445e+08	4.107741e+12	4.386119e+12	55257.03	194.64	12.01	12.39
Body29	Sun	9.8537e+26	8.662152e+07	3.912180e+12	4.610636e+12	55539.83	334.87	3.72	9.17
Body30	Sun	5.2190e+27	1.578010e+08	3.423182e+11	4.763306e+11	1653.39	959.74	35.60	19.40
Body31	Sun	8.4316e+27	1.972218e+08	1.721758e+12	1.732721e+12	14331.90	342.49	81.17	17.61
Body32	Sun	6.7759e+27	2.169367e+08	1.595157e+12	1.600600e+12	12752.36	987.91	28.80	19.33
Body33	Sun	2.2665e+27	1.082485e+08	5.032697e+11	6.460647e+11	2750.42	856.74	73.50	23.68
Body34	Sun	9.9116e+26	8.598735e+07	5.090742e+12	5.494490e+12	76874.17	463.93	60.73	21.42
Body35	Sun	8.6717e+26	8.589472e+07	2.616240e+12	2.716566e+12	27489.29	48.51	33.13	29.52
Body36	Sun	4.3628e+27	1.644776e+08	5.632702e+12	6.094400e+12	89642.92	173.09	13.53	7.31
Body37	Sun	8.0310e+27	1.485954e+08	1.974654e+12	2.179455e+12	18899.34	277.82	74.87	3.52
Body38	Sun	3.2112e+27	1.524099e+08	3.923923e+12	4.131297e+12	51032.40	519.44	80.47	0.90
Body39	Sun	1.1577e+27	8.630739e+07	1.120309e+11	1.599348e+11	316.59	704.95	18.84	3.04
Body40	Sun	1.8248e+27	9.368896e+07	3.324430e+12	4.256296e+12	46590.36	900.64	1.71	14.40
Body41	Sun	8.5316e+27	2.422474e+08	6.470374e+11	6.772325e+11	3401.69	616.59	70.34	17.04
Body42	Sun	3.1351e+27	1.204714e+08	5.955412e+10	7.612881e+10	111.56	870.31	65.75	25.96
Body43	Sun	4.3458e+27	1.310643e+08	1.869718e+12	2.785916e+12	22423.22	25.65	51.67	6.70
Body44	Sun	3.4511e+27	1.309801e+08	3.505745e+11	4.716091e+11	1664.11	705.40	60.44	28.06
Body45	Sun	5.2626e+27	1.889449e+08	6.515565e+11	7.597917e+11	3742.67	913.14	21.88	28.11
Body46	Sun	4.5852e+27	1.699381e+08	2.804321e+12	3.676349e+12	36826.44	546.14	44.65	5.43
Body47	Sun	5.7892e+27	1.849475e+08	1.229051e+12	1.539419e+12	10282.29	394.09	31.97	8.09
Body48	Sun	4.9514e+27	1.815436e+08	3.418484e+12	3.654740e+12	41990.97	707.21	80.89	7.94
Body49	Sun	5.8655e+27	1.400857e+08	4.433536e+12	6.256354e+12	78017.09	752.22	18.95	1.31
Body50	Sun	4.4118e+27	1.972077e+08	2.930875e+12	3.319684e+12	34882.55	604.79	82.84	24.55
Body51	Sun	2.7339e+27	1.155599e+08	5.299875e+11	6.430486e+11	2835.94	629.98	42.06	6.99
Body52	Sun	2.4625e+26	5.569161e+07	1.790536e+12	2.667710e+12	21012.42	894.05	76.76	16.58
Body53	Sun	6.0022e+27	2.008343e+08	2.673709e+11	3.450204e+11	1069.73	515.92	7.56	0.80
Body54	Sun	4.9850e+27	1.397316e+08	5.233483e+12	5.896827e+12	82887.83	510.33	31.47	6.01
Body55	Sun	4.0418e+27	1.250774e+08	1.993637e+11	2.646600e+11	705.57	135.75	80.95	25.13
Body56	Sun	1.7849e+27	1.498581e+08	4.236710e+12	6.272636e+12	76048.99	273.07	23.88	3.70
Body57	Sun	8.4630e+27	1.492286e+08	2.135119e+12	2.909337e+12	25290.15	346.99	74.67	24.92
Body58	Sun	9.3235e+27	2.074665e+08	6.558401e+11	6.875481e+11	3475.62	227.28	72.27	5.72
Body59	Sun	1.2164e+26	4.184434e+07	3.679814e+12	5.261461e+12	59680.04	587.69	78.30	3.46
Body60	Sun	1.4238e+27	1.302270e+08	2.303652e+12	2.787132e+12	25639.34	175.83	30.79	1.33
Body61	Sun	9.3536e+27	1.638469e+08	1.303173e+11	1.850504e+11	395.33	387.60	73.72	23.33
Body62	Sun	8.1558e+27	1.850772e+08	3.211654e+12	3.469865e+12	38551.63	141.70	9.09	28.96
Body63	Sun	8.9906e+27	1.690083e+08	1.990037e+12	2.047303e+12	18108.10	642.24	70.43	13.87
Body64	Sun	1.7846e+27	1.002788e+08	4.599075e+12	6.498851e+12	82526.35	147.44	33.29	23.47
Body65	Sun	6.4484e+26	9.380753e+07	4.826382e+12	6.125341e+12	80900.94	60.41	11.62	11.00
Body66	Sun	4.0831e+27	1.465178e+08	5.245688e+12	6.351185e+12	88153.84	681.21	13.33	17.12
Body67	Sun	1.1641e+27	8.340224e+07	1.793922e+12	2.531281e+12	20078.89	64.50	82.10	17.64
Body68	Sun	9.8951e+27	2.289018e+08	4.820846e+11	6.479132e+11	2681.31	430.75	20.21	10.18
Body69	Sun	1.1787e+27	1.141571e+08	4.159266e+12	4.290718e+12	54829.44	130.21	18.16	18.93
Body70	Sun	9.7488e+27	1.603348e+08	1.292691e+12	1.765400e+12	11937.29	363.67	45.30	27.32
Body71	Sun	8.2875e+27	1.950448e+08	4.070242e+12	4.598518e+12	56972.51	205.19	7.55	5.65
Body72	Sun	2.1831e+27	1.143769e+08	5.341947e+12	5.671948e+12	81590.83	798.03	21.97	10.48
Body73	Sun	2.7623e+27	1.359804e+08	2.108414e+11	2.256153e+11	643.64	625.87	11.88	7.52
Body74	Sun	9.7043e+27	2.024998e+08	1.055609e+12	1.234226e+12	7734.57	275.63	68.81	2.00
Body75	Sun	5.6537e+27	2.127425e+08	1.482479e+12	1.543369e+12	11748.99	717.37	44.29	11.26
Body76	Sun	9.4836e+27	1.588319e+08	4.955032e+12	5.134570e+12	71538.68	441.80	0.30	0.27
Body77	Sun	9.3710e+27	2.171596e+08	4.187091e+12	5.017139e+12	62332.00	628.77	21.70	13.78
Body78	Sun	7.0577e+27	1.737793e+08	5.763174e+11	5.851445e+11	2794.07	960.08	53.48	29.53
Body79	Sun	6.8076e+27	1.702759e+08	1.534782e+12	2.018604e+12	14951.81	552.29	55.44	27.73
Body80	Sun	1.4654e+27	8.253204e+07	4.563297e+11	6.693509e+11	2665.95	834.71	44.24	2.52
Body81	Sun	1.7832e+27	9.473396e+07	1.112522e+12	1.569906e+12	9806.68	652.04	56.68	11.74
Body82	Sun	9.5136e+27	1.675472e+08	3.557817e+12	4.526039e+12	51304.78	249.92	35.87	17.17
Body83	Sun	9.6726e+27	1.596576e+08	2.154193e+12	3.022152e+12	26288.43	709.56	13.66	10.68
Body84	Sun	5.2574e+27	1.267570e+08	1.907969e+12	2.496054e+12	20630.24	982.96	19.87	5.70
Body85	Sun	5.1438e+27	1.399742e+08	4.563268e+12	5.525539e+12	71530.23	907.28	62.62	7.30
Body86	Sun	7.2221e+27	2.370559e+08	2.664817e+12	3.275630e+12	32319.05	498.27	62.69	18.11
Body87	Sun	8.8412e+27	1.978440e+08	2.016898e+12	2.324433e+12	20191.30	970.61	53.12	7.32
Body88	Sun	7.4997e+27	1.801925e+08	3.668742e+12	4.185637e+12	49135.76	901.19	46.41	9.24
Body89	Sun	1.6565e+26	4.586736e+07	2.776794e+12	3.004239e+12	31026.88	96.46	63.11	15.56
Body90	Sun	8.0345e+27	1.577602e+08	3.157828e+12	4.296491e+12	45429.91	290.59	86.66	4.52
Body91	Sun	6.1566e+27	2.273741e+08	2.934832e+12	4.114445e+12	41777.91	30.16	55.58	2.32
Body92	Sun	7.1519e+26	8.395804e+07	1.588717e+12	2.063693e+12	15581.14	385.59	20.29	6.97
Body93	Sun	6.9148e+27	1.458482e+08	1.336352e+12	1.628785e+12	11397.17	67.73	80.25	6.17
Body94	Sun	8.5242e+27	1.729247e+08	2.901496e+11	4.331772e+11	1373.19	807.61	65.55	21.87
Body95	Sun	2.8084e+27	1.096501e+08	3.392800e+12	4.170152e+12	46426.60	447.93	1.04	4.96
Body96	Sun	9.3761e+27	1.659325e+08	4.703154e+12	6.222467e+12	80611.89	735.39	68.31	2.08
Body97	Sun	5.0789e+27	1.467182e+08	5.016653e+12	5.623089e+12	77468.75	879.82	71.56	21.22
Body98	Sun	4.2362e+27	1.350578e+08	4.614611e+12	4.754981e+12	64019.30	700.66	3.55	15.14
Body99	Sun	7.9228e+27	1.462732e+08	4.058780e+12	4.144978e+12	52450.45	838.81	81.53	29.21
Body100	Sun	3.0135e+27	1.121044e+08	1.474196e+12	1.805900e+12	13260.49	466.75	24.86	1.33
Body101	Sun	5.4814e+27	1.372064e+08	4.828254e+12	6.411824e+12	84117.02	502.07	2.38	4.31
Body102	Sun	7.5512e+27	1.761523e+08	2.686250e+12	3.753184e+12	36475.51	123.35	6.30	8.87
Body103	Sun	3.0103e+26	5.754077e+07	2.210509e+12	3.058080e+12	26994.26	551.96	30.59	23.53
Body104	Sun	3.3642e+27	1.161834e+08	6.867835e+11	8.193318e+11	4125.89	935.74	21.91	10.51
Body105	Sun	7.2024e+27	1.427215e+08	1.146232e+12	1.332693e+12	8712.14	888.27	51.66	10.18
Body106	Sun	4.1939e+27	1.766233e+08	3.714558e+12	4.950030e+12	56931.39	22.22	36.06	26.45
Body107	Sun	9.4579e+27	1.563792e+08	8.973898e+11	1.007266e+12	5867.52	554.64	50.30	20.55
Body108	Sun	5.2206e+27	1.918738e+08	1.698519e+12	2.283318e+12	17735.98	153.24	89.01	5.83
Body109	Sun	6.0613e+27	1.470473e+08	1.907051e+12	2.393757e+12	19909.25	954.78	6.92	24.07
Body110	Sun	4.8455e+27	1.237004e+08	1.821602e+12	2.130334e+12	17536.57	461.00	81.75	21.50
Body111	Sun	7.1841e+26	6.967564e+07	5.372040e+12	5.408349e+12	79009.91	181.05	32.98	3.73
Body112	Sun	4.5234e+27	1.255382e+08	3.179520e+12	4.727049e+12	49626.31	618.36	68.86	20.87
Body113	Sun	6.2494e+27	1.969308e+08	4.347661e+12	6.272291e+12	77252.72	799.97	42.25	16.75
Body114	Sun	4.8574e+27	1.536840e+08	4.674466e+12	5.513513e+12	72587.52	702.14	18.73	23.32
Body115	Sun	5.9880e+27	1.405798e+08	3.381481e+12	4.239575e+12	46962.65	724.17	55.25	6.94
Body116	Sun	2.2289e+27	1.017816e+08	1.865387e+11	2.045523e+11	545.94	241.80	65.21	21.54
Body117	Sun	7.6941e+27	1.881242e+08	1.914289e+12	1.964881e+12	17054.47	892.53	57.46	19.93
Body118	Sun	8.6525e+27	2.345718e+08	5.700539e+11	7.013260e+11	3199.95	495.60	2.26	24.10
Body119	Sun	1.3713e+27	8.323524e+07	1.420310e+12	1.747521e+12	12585.57	249.75	58.22	19.00
Body120	Sun	2.5658e+27	1.106990e+08	4.771878e+12	5.587797e+12	74430.19	275.41	29.54	7.24
Body121	Sun	4.0999e+27	1.352400e+08	4.426456e+12	4.536933e+12	59901.58	629.52	17.36	12.71
Body122	Sun	7.5526e+27	1.780484e+08	4.456327e+12	5.826301e+12	73601.40	865.32	87.62	11.58
Body123	Sun	7.2455e+27	1.632094e+08	5.583023e+11	6.442014e+11	2943.47	842.46	40.98	12.18
Body124	Sun	5.6065e+27	1.479766e+08	6.798241e+10	8.419051e+10	132.51	677.93	38.17	2.87
Body125	Sun	5.7071e+27	1.299658e+08	3.986323e+12	5.394969e+12	64139.25	648.71	17.92	9.87
Body126	Sun	6.5550e+27	1.597273e+08	5.449031e+12	6.277217e+12	89633.12	461.86	58.61	10.63
Body127	Sun	6.7721e+27	1.721144e+08	1.179393e+12	1.322374e+12	8832.84	769.32	70.60	25.06
Body128	Sun	7.7668e+27	1.578528e+08	4.223128e+12	5.464992e+12	67311.49	343.49	48.52	26.35
Body129	Sun	4.0043e+27	1.328154e+08	2.600546e+12	3.476371e+12	33439.12	994.73	57.41	15.45
Body130	Sun	7.1619e+25	4.085895e+07	4.531326e+12	6.049469e+12	76825.85	650.78	77.21	21.07
Body131	Sun	2.9257e+27	1.075969e+08	8.084078e+11	8.164045e+11	4623.12	193.07	55.33	25.76
Body132	Sun	3.5353e+27	1.476134e+08	5.517999e+12	5.677835e+12	83620.86	810.68	51.25	16.51
Body133	Sun	8.6651e+27	1.498342e+08	4.718670e+12	4.859846e+12	66172.46	43.46	35.40	10.53
Body134	Sun	3.2804e+26	6.869092e+07	2.254584e+12	2.499490e+12	23138.16	710.42	80.78	22.44
Body135	Sun	9.1563e+26	7.581426e+07	2.903104e+12	3.983532e+12	40340.43	420.29	80.16	0.18
Body136	Sun	9.3996e+27	1.956485e+08	3.873747e+12	5.264814e+12	61666.12	823.38	10.01	19.04
Body137	Sun	3.0293e+27	1.061459e+08	4.664593e+12	6.218435e+12	80140.96	259.45	5.22	28.39
Body138	Sun	1.8338e+27	1.071743e+08	6.674979e+11	9.958702e+11	4788.64	670.18	80.75	10.80
Body139	Sun	8.1104e+27	1.824646e+08	2.182536e+12	2.285258e+12	21079.96	186.38	22.01	5.69
Body140	Sun	2.2612e+27	1.502346e+08	2.902658e+12	4.017259e+12	40633.22	314.03	32.11	18.43
Body141	Sun	4.9352e+27	1.274800e+08	1.758863e+12	1.887701e+12	15543.75	231.72	50.44	0.32
Body142	Sun	8.4322e+27	2.294339e+08	9.866517e+10	1.051724e+11	205.43	348.99	0.54	11.85
Body143	Sun	9.4545e+27	2.016165e+08	4.670710e+12	5.486228e+12	72256.03	192.85	89.10	5.35
Body144	Sun	6.7501e+26	6.449654e+07	4.209640e+12	5.454015e+12	67056.67	931.36	37.85	3.62
Body145	Sun	4.2867e+27	1.445995e+08	4.336773e+12	5.330884e+12	67098.35	456.93	46.17	0.53
Body146	Sun	3.9880e+27	1.948918e+08	2.762348e+12	3.154879e+12	32129.74	214.22	13.70	12.39
Body147	Sun	8.8008e+27	1.568340e+08	2.129833e+11	2.826273e+11	778.83	497.89	83.41	11.37
Body148	Sun	5.8275e+26	8.083685e+07	3.475089e+12	3.574451e+12	41780.25	420.21	26.68	28.26
Body149	Sun	2.1388e+27	1.132443e+08	3.984671e+12	4.950611e+12	59620.04	510.48	75.58	11.18
Body150	Sun	9.8421e+27	1.989473e+08	6.931771e+11	9.989865e+11	4913.53	66.02	79.22	26.93
Body151	Sun	3.5336e+27	1.203768e+08	2.950243e+12	4.397150e+12	44455.94	142.97	37.50	24.91
Body152	Sun	3.7628e+27	1.766589e+08	2.625679e+12	2.969324e+12	29541.35	764.92	77.12	20.22
Body153	Sun	5.3655e+27	1.556269e+08	1.921954e+12	2.069118e+12	17797.72	731.50	41.37	6.93
Body154	Sun	8.4143e+26	7.469508e+07	1.057597e+12	1.262122e+12	7886.48	205.41	52.72	16.06
Body155	Sun	4.4869e+27	1.266546e+08	6.786260e+11	9.729275e+11	4737.71	858.27	34.44	27.19
Body156	Sun	6.4382e+27	2.079697e+08	4.010814e+12	4.656978e+12	56962.98	166.95	35.86	24.79
Body157	Sun	5.6546e+27	1.584068e+08	2.953494e+12	3.812627e+12	39286.16	793.88	49.45	26.75
Body158	Sun	2.8437e+27	1.297205e+08	1.389310e+11	1.445175e+11	336.85	179.21	23.51	10.66
Body159	Sun	6.4872e+27	1.537386e+08	9.904351e+11	1.190459e+12	7189.22	558.96	78.82	13.09
Body160	Sun	2.3329e+27	1.047287e+08	5.782154e+12	5.983058e+12	90080.24	944.17	42.83	4.80
Body161	Sun	5.0012e+27	1.247999e+08	1.564686e+12	2.001472e+12	15032.49	175.44	11.10	23.74
Body162	Sun	4.2787e+27	1.312526e+08	3.319289e+12	4.353203e+12	47438.90	403.63	11.18	2.50
Body163	Sun	9.3885e+27	2.000039e+08	1.743349e+12	2.164952e+12	17246.93	192.11	84.88	25.33
Body164	Sun	7.6613e+27	1.774214e+08	1.230346e+12	1.771342e+12	11608.56	296.89	20.13	20.25
Body165	Sun	2.4508e+27	1.248602e+08	4.658774e+11	6.748528e+11	2719.60	265.22	74.01	18.64
Body166	Sun	7.5648e+27	1.577676e+08	3.435629e+11	3.926937e+11	1410.18	666.30	53.15	9.06
Body167	Sun	3.9373e+27	1.286646e+08	3.374099e+12	3.940216e+12	44156.07	561.13	43.60	4.81
Body168	Sun	3.4682e+27	1.153580e+08	3.805553e+12	4.915931e+12	57493.07	423.94	59.50	21.11
Body169	Sun	7.6851e+27	1.449100e+08	4.423714e+12	6.336166e+12	78784.55	103.71	51.78	22.94
Body170	Sun	7.2000e+27	2.216980e+08	1.849630e+12	2.763148e+12	22114.33	797.35	29.15	18.17
Body171	Sun	5.3853e+27	1.287408e+08	2.117677e+12	2.808997e+12	24409.60	961.15	7.82	13.29
Body172	Sun	2.8934e+27	1.202950e+08	1.959335e+12	2.023345e+12	17741.61	745.07	27.03	17.83
Body173	Sun	3.7640e+27	1.264845e+08	1.002727e+12	1.096494e+12	6789.18	202.18	64.07	8.54
Body174	Sun	1.4233e+27	9.580153e+07	1.240363e+12	1.349212e+12	9301.92	530.86	80.52	13.27
Body175	Sun	5.3646e+27	1.344850e+08	3.481611e+12	4.487292e+12	50214.34	11.55	37.32	10.66
Body176	Sun	2.9517e+27	1.078301e+08	2.901648e+12	3.267041e+12	34199.45	97.13	33.60	15.07
Body177	Sun	2.6839e+27	1.263530e+08	2.168647e+12	2.808919e+12	24788.80	340.92	2.75	2.50
Body178	Sun	7.4778e+25	3.286666e+07	3.120289e+12	4.509586e+12	47044.20	450.92	59.04	12.14
Body179	Sun	8.7279e+27	1.609500e+08	1.906478e+12	2.309536e+12	19323.37	14.04	62.21	9.04
Body180	Sun	1.2481e+27	1.027716e+08	4.238396e+12	6.353030e+12	76941.67	979.83	43.43	4.98
Body181	Sun	2.0234e+26	4.298077e+07	1.712136e+11	1.987574e+11	502.32	158.77	6.68	29.47
Body182	Sun	1.6525e+27	9.017536e+07	3.514398e+12	4.237267e+12	48175.08	133.11	73.40	9.79
Body183	Sun	5.5268e+27	1.626881e+08	1.435507e+12	1.603740e+12	11827.12	331.35	89.54	17.81
Body184	Sun	7.6463e+27	2.031317e+08	3.914510e+12	4.162770e+12	51242.17	576.15	66.27	7.14
Body185	Sun	6.6068e+27	1.475226e+08	2.828189e+12	3.774738e+12	37873.43	749.49	59.13	28.33
Body186	Sun	4.4477e+27	1.544669e+08	1.903467e+12	2.196820e+12	18533.24	503.36	89.40	3.38
Body187	Sun	6.9810e+27	1.524427e+08	4.475571e+12	6.596859e+12	82242.13	551.62	26.43	26.80
Body188	Sun	9.4771e+27	1.762578e+08	3.475846e+12	4.666359e+12	51861.25	251.84	19.83	6.16
Body189	Sun	6.3413e+27	2.176191e+08	8.345392e+11	1.174538e+12	6356.60	287.23	59.71	21.00
Body190	Sun	5.0747e+27	1.470407e+08	2.575825e+11	3.247111e+11	991.84	466.42	64.57	0.36
Body191	Sun	6.1217e+27	1.348897e+08	2.826524e+12	3.644862e+12	36747.34	755.82	68.59	10.78
Body192	Sun	2.5213e+26	5.278057e+07	1.608761e+12	1.955392e+12	15019.81	610.27	10.37	19.67
Body193	Sun	7.7169e+27	1.626772e+08	9.107694e+11	1.266384e+12	7170.73	827.38	30.95	19.45
Body194	Sun	4.1575e+26	6.351151e+07	2.629897e+12	3.753220e+12	35998.07	807.28	65.44	7.23
Body195	Sun	1.0486e+27	9.337785e+07	1.951826e+12	1.954525e+12	17234.03	7.91	80.78	11.39
Body196	Sun	3.9557e+26	6.341944e+07	3.044965e+12	3.819431e+12	40145.17	173.36	74.91	0.95
Body197	Sun	5.9857e+27	1.617768e+08	6.681812e+11	8.137782e+11	4027.03	263.07	31.78	23.96
Body198	Sun	2.4712e+27	1.125555e+08	4.709653e+12	6.713311e+12	86178.34	354.04	13.90	22.81
Body199	Sun	9.6051e+27	1.765341e+08	6.811016e+10	7.062847e+10	115.35	908.92	51.31	12.51
Body200	Sun	1.8006e+27	1.333741e+08	5.647599e+12	5.672950e+12	85021.97	832.31	80.30	19.42
Body201	Sun	4.8414e+27	1.248903e+08	4.445033e+12	5.180415e+12	66659.39	595.72	35.61	6.66
Body202	Sun	5.1120e+27	1.262746e+08	2.748437e+12	3.702362e+12	36572.13	979.47	63.38	20.05
Body203	Sun	1.6422e+27	1.165892e+08	3.688036e+12	4.363593e+12	50998.28	872.62	47.38	24.48
Body204	Sun	5.7289e+27	1.715679e+08	1.340261e+12	1.542628e+12	10926.26	400.52	55.81	4.95
Body205	Sun	1.6297e+27	8.814984e+07	2.732615e+12	2.835964e+12	29332.32	432.93	20.29	17.85
Body206	Sun	7.1770e+27	2.259936e+08	4.219219e+12	4.260094e+12	55115.14	748.10	11.20	14.65
Body207	Sun	1.4466e+27	9.376085e+07	5.095667e+12	6.543716e+12	88639.00	277.39	3.58	27.80
Body208	Sun	1.6964e+26	4.172296e+07	2.229023e+12	2.388068e+12	22145.35	266.54	88.33	16.16
Body209	Sun	5.8445e+27	1.843182e+08	1.993512e+12	2.698894e+12	22689.42	995.72	88.88	16.69
Body210	Sun	9.0931e+27	1.525830e+08	5.397256e+12	5.799414e+12	83630.21	508.98	24.12	12.54
Body211	Sun	4.3076e+27	1.294114e+08	1.892339e+12	2.617709e+12	21379.70	45.09	25.69	3.47
Body212	Sun	4.3812e+27	1.295172e+08	4.383482e+12	5.888923e+12	73491.66	837.66	30.50	28.61
Body213	Sun	5.2142e+27	1.339741e+08	4.048703e+12	4.193088e+12	52815.61	15.23	32.04	22.34
Body214	Sun	3.4128e+27	1.315131e+08	1.202545e+11	1.437020e+11	302.71	114.78	23.02	12.38
Body215	Sun	8.5825e+27	2.310430e+08	1.500834e+12	1.684603e+12	12690.64	844.13	41.65	5.25
Body216	Sun	9.4053e+27	1.771955e+08	2.475994e+12	2.827010e+12	27259.18	928.74	46.48	21.09
Body217	Sun	3.1011e+27	1.176937e+08	2.622470e+12	3.541635e+12	34161.35	964.42	23.34	17.58
Body218	Sun	9.5852e+27	1.699713e+08	2.574306e+12	3.380875e+12	32439.36	313.17	81.02	28.89
Body219	Sun	2.4663e+27	1.316999e+08	3.044012e+12	3.188187e+12	34728.97	352.27	60.43	8.29
Body220	Sun	8.5710e+27	1.772718e+08	1.171615e+12	1.178184e+12	8040.37	168.78	41.09	8.86
Body221	Sun	3.4781e+27	1.104222e+08	2.907273e+12	3.882352e+12	39491.05	479.08	86.27	20.32
Body222	Sun	5.4372e+27	2.136023e+08	3.530847e+12	3.749957e+12	43852.96	687.17	58.47	23.10
Body223	Sun	1.0653e+26	3.586892e+07	1.379092e+12	1.469113e+12	10729.68	548.17	53.12	17.11
Body224	Sun	6.5111e+26	6.740598e+07	1.441451e+12	1.529653e+12	11431.59	949.71	29.24	7.10
Body225	Sun	6.9515e+27	1.538961e+08	2.010814e+12	2.485089e+12	21279.20	804.59	20.38	15.18
Body226	Sun	8.4267e+26	7.182865e+07	3.028468e+12	3.051138e+12	33461.32	637.50	11.03	23.97
Body227	Sun	7.5644e+27	2.083203e+08	1.086295e+12	1.105213e+12	7241.77	122.57	8.51	16.76
Body228	Sun	1.9820e+27	1.316707e+08	4.039034e+12	5.535310e+12	66129.23	947.20	11.79	24.32
Body229	Sun	2.9203e+27	1.341491e+08	3.018155e+12	3.936051e+12	40935.61	925.36	61.27	29.88
Body230	Sun	6.7052e+27	1.547596e+08	3.526434e+12	4.280869e+12	48694.67	668.15	54.33	7.50
Body231	Sun	7.4388e+27	1.425052e+08	2.520340e+12	2.922746e+12	28346.38	146.04	11.31	30.00
Body232	Sun	8.0762e+27	1.755033e+08	3.460568e+12	4.027020e+12	45734.39	794.76	57.38	9.34
Body233	Sun	8.7683e+27	1.826929e+08	3.908944e+12	5.000219e+12	59358.82	868.11	61.82	21.66
Body234	Sun	1.6056e+27	1.160908e+08	5.557796e+12	6.163124e+12	89572.04	842.17	6.28	12.75
Body235	Sun	9.5911e+26	8.058648e+07	8.162322e+11	1.136825e+12	6092.59	213.11	34.46	7.61
Body236	Sun	7.2080e+27	1.797781e+08	4.304064e+11	6.012680e+11	2339.07	210.11	27.69	17.06
Body237	Sun	4.6096e+27	1.519845e+08	4.385537e+12	4.744325e+12	61578.09	530.90	0.88	8.25
Body238	Sun	5.4023e+27	1.436727e+08	7.685766e+10	8.249726e+10	142.00	621.22	83.42	14.12
Body239	Sun	3.5620e+27	1.569361e+08	5.074707e+12	5.137462e+12	72846.21	849.26	54.53	19.25
Body240	Sun	4.6805e+27	1.215884e+08	2.070835e+12	2.900607e+12	24743.07	285.54	87.94	24.00
Body241	Sun	3.2509e+27	1.167287e+08	8.814128e+11	9.872764e+11	5702.11	261.38	8.69	1.44
Body242	Sun	6.3368e+27	1.850370e+08	3.399177e+12	4.974393e+12	54087.37	630.85	4.23	10.89
Body243	Sun	7.1960e+27	1.444125e+08	2.336306e+12	3.394288e+12	30621.71	505.51	79.43	29.31
Body244	Sun	9.8003e+27	1.646264e+08	1.267719e+12	1.375805e+12	9594.11	75.80	3.08	9.40
Body245	Sun	9.8275e+27	1.557183e+08	3.770165e+12	5.506194e+12	63066.14	334.52	69.94	15.09
Body246	Sun	7.8152e+27	1.753620e+08	3.931984e+12	4.716906e+12	56776.74	378.79	69.59	29.10
Body247	Sun	9.6740e+27	2.625799e+08	3.735454e+12	5.487420e+12	62521.49	693.33	58.44	21.54
Body248	Sun	4.8477e+26	8.557534e+07	5.797044e+11	7.534581e+11	3436.01	166.80	67.34	0.84
Body249	Sun	3.7256e+27	1.181094e+08	4.188375e+12	4.437485e+12	56550.12	987.34	72.32	2.73
Body250	Sun	4.9775e+27	1.634612e+08	2.111520e+12	2.793739e+12	24250.62	74.46	61.11	7.51
Body251	Sun	9.5859e+27	1.930234e+08	1.492819e+12	1.911332e+12	14019.84	847.70	33.79	13.80
Body252	Sun	3.5318e+27	1.303367e+08	5.270889e+11	6.814235e+11	2965.56	328.58	17.60	18.98
Body253	Sun	3.2062e+27	1.249229e+08	8.259454e+11	1.219548e+12	6530.21	408.68	84.00	3.03
Body254	Sun	8.5412e+27	1.984848e+08	1.855283e+12	2.245861e+12	18539.05	706.82	19.57	22.04
Body255	Sun	4.0629e+27	1.208365e+08	1.779013e+12	2.608840e+12	20516.72	628.82	76.28	15.82
Body256	Sun	6.1870e+27	1.759038e+08	3.763961e+12	5.049087e+12	58400.84	193.34	12.24	22.19
Body257	Sun	4.2322e+27	1.268872e+08	1.644029e+12	2.143578e+12	16454.22	288.75	78.04	0.65
Body258	Sun	2.6635e+27	1.026184e+08	7.627298e+10	9.475895e+10	157.89	31.78	28.67	6.55
Body259	Sun	8.5183e+27	1.649129e+08	2.099743e+12	2.288563e+12	20519.90	451.11	23.63	28.26
Body260	Sun	1.2571e+27	8.179785e+07	3.453267e+12	4.450514e+12	49600.07	944.85	70.30	20.66
Body261	Sun	4.2138e+27	1.305374e+08	1.520326e+12	1.658773e+12	12652.78	707.66	85.23	14.48
Body262	Sun	1.1958e+27	1.176122e+08	2.560443e+12	2.637146e+12	26450.44	353.36	29.01	3.69
Body263	Sun	6.4692e+27	1.460301e+08	1.771438e+12	2.187074e+12	17580.37	621.80	81.07	12.82
Body264	Sun	2.6474e+27	1.006527e+08	5.243951e+11	6.401185e+11	2805.09	432.29	5.25	5.66
Body265	Sun	5.8507e+27	1.985088e+08	4.212249e+12	5.108325e+12	63517.57	570.43	55.51	9.98
Body266	Sun	2.4506e+27	1.024956e+08	4.182060e+12	5.897983e+12	71437.05	283.37	80.22	29.57
Body267	Sun	8.5919e+27	2.302223e+08	3.974513e+12	5.096488e+12	60983.56	357.91	23.66	22.71
Body268	Sun	5.7444e+27	1.758173e+08	4.653125e+12	5.606245e+12	73351.83	68.26	0.24	1.72
Body269	Sun	2.5052e+27	1.049289e+08	1.055546e+12	1.221694e+12	7670.85	428.01	33.06	18.07
Body270	Sun	8.7923e+26	1.063445e+08	4.597083e+12	4.754896e+12	63838.87	844.27	19.20	1.46
Body271	Sun	9.3397e+27	1.546371e+08	6.445233e+11	7.268822e+11	3584.91	566.05	35.82	22.90
Body272	Sun	6.4608e+27	1.356893e+08	2.183105e+11	2.278558e+11	665.23	494.28	3.43	8.26
Body273	Sun	6.8923e+27	2.025229e+08	5.485807e+12	6.343867e+12	90821.58	150.89	34.54	7.13
Body274	Sun	9.0814e+27	2.122391e+08	3.169255e+12	3.718304e+12	40348.55	826.23	6.83	3.04
Body275	Sun	4.7772e+27	1.501845e+08	4.819920e+12	6.847735e+12	88962.16	264.02	59.16	17.16
Body276	Sun	1.2897e+25	1.776067e+07	5.103303e+12	5.154555e+12	73335.60	109.82	77.64	23.90
Body277	Sun	2.1827e+27	9.444808e+07	2.882864e+12	3.670011e+12	37443.61	684.12	1.81	0.70
Body278	Sun	3.5062e+27	1.253594e+08	2.118336e+12	2.967113e+12	25599.05	546.05	65.57	8.72
Body279	Sun	7.8990e+27	1.571483e+08	1.216150e+12	1.685986e+12	11035.87	363.37	30.29	15.25
Body280	Sun	2.6509e+27	1.376504e+08	4.916088e+11	5.723931e+11	2449.87	702.43	59.18	21.70
Body281	Sun	6.8312e+27	2.171185e+08	4.436203e+12	4.853775e+12	63205.07	211.02	84.95	19.09
Body282	Sun	4.2081e+27	1.625400e+08	4.811182e+11	5.313753e+11	2274.15	802.86	62.50	15.54
Body283	Sun	3.8668e+27	1.508386e+08	4.121344e+12	5.683067e+12	68527.07	400.48	39.11	26.18
Body284	Sun	9.3967e+27	2.523383e+08	1.799066e+12	1.928795e+12	16066.44	807.84	65.76	2.17
Body285	Sun	1.6938e+27	1.090069e+08	8.460091e+11	1.112209e+12	6116.76	278.61	4.83	6.05
Body286	Sun	3.9917e+27	1.959537e+08	3.974178e+12	4.622627e+12	56264.64	624.21	31.55	27.15
Body287	Sun	4.2367e+27	1.887613e+08	2.494812e+12	2.608189e+12	25731.69	375.08	71.04	28.77
Body288	Sun	3.2457e+26	5.340785e+07	7.463206e+11	8.623070e+11	4554.21	482.65	4.90	15.59
Body289	Sun	9.2032e+27	1.665818e+08	1.079388e+11	1.378677e+11	272.03	149.88	69.57	29.74
Body290	Sun	4.2662e+27	1.244913e+08	2.678295e+12	3.865905e+12	37369.29	40.20	68.88	12.01
Body291	Sun	8.9263e+25	5.039601e+07	3.885751e+11	3.961225e+11	1551.61	100.65	1.31	18.59
Body292	Sun	5.0280e+27	1.566129e+08	5.239667e+12	5.986226e+12	83957.84	866.06	83.02	21.87
Body293	Sun	9.4165e+27	1.848170e+08	1.741012e+12	2.042704e+12	16428.87	166.98	49.89	15.88
Body294	Sun	1.6430e+27	1.027687e+08	5.225318e+12	6.650518e+12	91353.71	646.08	3.92	11.77
Body295	Sun	6.6529e+27	1.758638e+08	3.548349e+12	5.168325e+12	57445.51	225.99	22.93	10.90
Body296	Sun	8.7939e+27	1.508232e+08	3.884290e+12	4.466240e+12	53864.30	51.09	66.63	12.06
Body297	Sun	2.9417e+27	1.132286e+08	3.428640e+12	3.598891e+12	41584.74	189.76	47.37	28.27
Body298	Sun	8.9736e+27	2.314251e+08	3.966079e+12	4.652234e+12	56475.92	163.14	14.80	6.05
Body299	Sun	5.1963e+27	1.815187e+08	4.626494e+12	6.745980e+12	85607.60	78.78	34.10	21.38
Body300	Sun	5.6270e+27	1.566064e+08	4.713559e+12	6.211214e+12	80602.51	293.32	55.49	11.23
Body301	Sun	1.0176e+27	8.503348e+07	4.367508e+12	5.998508e+12	74498.53	619.25	85.26	9.54
Body302	Sun	1.5198e+27	1.378820e+08	6.331412e+11	9.034678e+11	4251.82	116.20	40.34	23.38
Body303	Sun	6.7463e+27	1.383641e+08	3.209961e+12	4.328406e+12	46200.41	337.68	76.09	19.56
Body304	Sun	2.5855e+27	1.189103e+08	3.690458e+12	5.137168e+12	58545.81	927.93	6.62	20.36
Body305	Sun	9.9603e+27	2.372666e+08	5.675484e+12	5.794349e+12	86709.27	761.90	13.92	25.26
Body306	Sun	3.5433e+27	1.681427e+08	5.358098e+12	6.400728e+12	90006.91	486.91	70.22	0.67
Body307	Sun	9.4117e+27	1.547207e+08	3.953514e+12	5.064856e+12	60453.57	753.58	13.58	12.17
Body308	Sun	9.6137e+27	2.574732e+08	5.041758e+12	5.624765e+12	77761.43	470.36	56.97	13.06
Body309	Sun	6.9347e+27	1.483604e+08	4.757878e+12	6.437571e+12	83616.54	951.48	77.44	26.83
Body310	Sun	3.4149e+27	1.516806e+08	4.975011e+12	5.610331e+12	76875.37	893.60	43.58	16.03
Body311	Sun	6.6745e+27	1.373368e+08	1.648606e+11	1.737153e+11	439.76	6.60	44.26	21.17
Body312	Sun	4.3490e+27	1.714583e+08	4.007881e+12	4.131301e+12	51832.37	722.96	58.85	3.77
Body313	Sun	2.2089e+27	1.231552e+08	2.079345e+12	2.957245e+12	25231.02	330.19	43.32	10.84
Body314	Sun	2.9167e+27	1.074170e+08	1.854791e+12	2.171002e+12	18030.47	651.67	39.51	1.40
Body315	Sun	2.4678e+27	1.187976e+08	5.033228e+12	5.468752e+12	75969.05	533.65	67.14	2.50
Body316	Sun	6.1128e+27	2.143066e+08	2.379513e+12	3.093885e+12	28583.50	905.60	14.71	20.68
Body317	Sun	2.9874e+26	5.186988e+07	2.618349e+12	3.065756e+12	30249.84	604.63	86.54	17.72
Body318	Sun	5.9911e+27	1.575886e+08	1.681778e+12	2.057315e+12	16139.10	216.85	1.97	14.03
Body319	Sun	4.6876e+27	1.519280e+08	9.512663e+11	1.121336e+12	6660.45	221.66	44.83	20.01
Body320	Sun	7.5447e+26	8.963576e+07	3.589092e+12	5.310439e+12	59262.59	103.63	2.62	24.64
Body321	Sun	2.4291e+27	1.216751e+08	2.269587e+11	2.472768e+11	728.99	915.14	70.34	8.46
Body322	Sun	4.1267e+27	1.333971e+08	1.778539e+12	2.025224e+12	16559.61	927.27	28.12	29.63
Body323	Sun	3.4034e+27	1.137638e+08	5.111440e+12	5.865445e+12	81179.91	652.42	55.72	25.12
Body324	Sun	1.8780e+26	4.170568e+07	3.220336e+12	4.619911e+12	49003.21	681.34	88.64	8.57
Body325	Sun	9.7836e+27	2.278329e+08	3.861830e+12	5.032409e+12	59209.73	422.70	20.19	21.09
Body326	Sun	2.8999e+27	1.271750e+08	4.260681e+12	4.628818e+12	59162.40	307.69	43.34	5.27
Body327	Sun	5.4120e+27	1.319797e+08	1.423067e+12	1.540770e+12	11389.67	594.51	12.59	1.87
Body328	Sun	9.7404e+27	2.084793e+08	2.225234e+11	3.198155e+11	891.53	280.29	46.93	16.76
Body329	Sun	1.1671e+27	7.765435e+07	1.084538e+12	1.103781e+12	7225.96	400.26	67.47	17.86
Body330	Sun	2.1372e+27	1.181666e+08	1.649812e+12	1.946254e+12	15221.99	326.68	58.63	17.19
Body331	Sun	9.1226e+27	1.775548e+08	5.438394e+11	5.604266e+11	2590.24	28.25	28.27	4.43
Body332	Sun	6.7216e+27	1.819918e+08	3.351010e+12	4.711577e+12	51102.43	895.43	34.80	8.04
Body333	Sun	4.1209e+27	1.376742e+08	1.559471e+12	1.851461e+12	14061.76	682.46	64.36	27.38
Body334	Sun	9.6675e+26	1.063541e+08	3.600703e+12	3.900732e+12	45861.31	497.38	58.73	19.53
Body335	Sun	4.5138e+27	1.251688e+08	4.731821e+12	5.386603e+12	71845.45	727.04	43.33	25.44
Body336	Sun	5.0896e+27	1.340780e+08	1.896472e+12	2.657384e+12	21691.96	217.60	88.81	28.64
Body337	Sun	4.6737e+27	1.272008e+08	4.161524e+12	5.258809e+12	64540.05	755.29	56.16	4.97
Body338	Sun	9.8650e+27	1.590308e+08	3.338538e+12	3.598067e+12	40780.29	518.95	65.17	22.31
Body339	Sun	1.9316e+27	1.241826e+08	3.378049e+12	3.410847e+12	39484.68	194.42	83.86	28.83
Body340	Sun	6.8011e+27	1.498953e+08	4.091699e+12	5.516402e+12	66479.28	999.21	34.01	1.56
Body341	Sun	5.2819e+27	1.269313e+08	3.768387e+12	4.632011e+12	54347.51	666.28	2.97	12.66
Body342	Sun	9.1501e+27	1.709805e+08	4.539184e+11	4.703434e+11	1983.46	237.58	72.17	29.12
Body343	Sun	2.9916e+27	1.085555e+08	3.323734e+12	4.559567e+12	49407.42	179.14	83.75	0.47
Body344	Sun	7.8326e+27	2.125189e+08	2.674491e+11	3.715927e+11	1140.31	941.66	87.73	12.32
Body345	Sun	8.5522e+26	7.867183e+07	4.961880e+12	6.460252e+12	86168.92	655.39	29.25	20.82
Body346	Sun	4.4903e+27	1.213589e+08	8.017610e+11	9.569202e+11	5206.08	482.80	5.81	20.09
Body347	Sun	2.9234e+27	1.289220e+08	4.750150e+12	6.811751e+12	87755.38	325.20	17.04	22.68
Body348	Sun	8.6591e+27	1.656022e+08	3.223487e+12	3.384402e+12	37916.13	491.17	42.83	27.46
Body349	Sun	9.4694e+26	7.433841e+07	5.230405e+12	6.212924e+12	86408.90	996.82	38.89	6.44
Body350	Sun	4.9162e+27	1.408404e+08	1.639147e+12	2.425934e+12	18295.05	614.81	76.04	16.79
Body351	Sun	6.8051e+27	1.736222e+08	1.185451e+12	1.279794e+12	8640.13	237.51	42.22	23.64
Body352	Sun	5.3708e+27	1.439442e+08	2.202591e+12	3.016499e+12	26614.73	255.44	54.32	22.91
Body353	Sun	3.4978e+27	1.177637e+08	1.844044e+12	2.504537e+12	20241.90	101.13	49.42	13.09
Body354	Sun	3.1732e+27	1.333310e+08	2.211877e+12	2.602140e+12	23577.15	849.60	36.14	20.40
Body355	Sun	4.1938e+27	1.250511e+08	1.591118e+11	2.216641e+11	524.49	885.71	68.33	13.11
Body356	Sun	3.9793e+27	1.608259e+08	3.856252e+12	4.238757e+12	51410.98	76.97	56.00	7.72
Body357	Sun	2.8120e+27	1.203128e+08	1.620932e+12	2.257966e+12	17052.68	782.84	43.53	19.56
Body358	Sun	8.0165e+26	6.747035e+07	1.633527e+12	1.719805e+12	13707.07	86.03	19.44	11.13
Body359	Sun	9.3088e+27	1.876192e+08	5.093789e+12	6.751361e+12	90999.87	999.12	3.96	3.94
Body360	Sun	8.4433e+27	1.510836e+08	3.662212e+12	5.053755e+12	57438.52	484.50	27.41	0.51
Body361	Sun	3.4598e+27	1.534577e+08	1.412243e+12	1.531456e+12	11273.79	193.78	31.33	13.01
Body362	Sun	6.1862e+27	1.377950e+08	1.924751e+12	2.778762e+12	22770.02	410.69	2.05	13.69
Body363	Sun	4.0621e+27	1.252554e+08	5.304559e+12	6.010601e+12	84961.26	961.38	17.90	26.08
Body364	Sun	6.9837e+27	1.740210e+08	7.376041e+11	1.065637e+12	5405.19	725.70	19.71	20.07
Body365	Sun	9.7236e+27	1.572625e+08	3.719276e+11	5.559232e+11	1995.02	140.25	28.99	26.63
Body366	Sun	8.0163e+27	2.092296e+08	5.296614e+11	7.497563e+11	3230.34	728.71	33.98	12.22
Body367	Sun	5.3228e+27	1.373066e+08	8.316955e+11	1.121568e+12	6093.56	228.87	38.83	14.30
Body368	Sun	9.9609e+27	1.705400e+08	9.893454e+10	1.061976e+11	207.39	109.52	1.25	10.41
Body369	Sun	9.3462e+27	1.829547e+08	3.628678e+12	3.747254e+12	44715.22	179.88	0.75	26.94
Body370	Sun	2.4818e+27	1.218208e+08	2.978484e+12	3.082224e+12	33305.43	507.00	64.41	15.29
Body371	Sun	4.3914e+27	1.219031e+08	2.823770e+12	3.880278e+12	38746.77	862.05	6.95	29.80
Body372	Sun	5.9693e+27	1.350403e+08	4.725025e+12	5.127309e+12	69030.11	789.53	19.21	23.49
Body373	Sun	1.5388e+27	9.405436e+07	2.726144e+12	4.057454e+12	39438.46	678.36	26.21	11.20
Body374	Sun	6.5000e+27	1.370154e+08	3.047488e+11	3.871939e+11	1284.80	130.31	24.49	0.23
Body375	Sun	6.1383e+27	1.657985e+08	4.075591e+12	4.572327e+12	56767.17	569.13	15.93	6.14
Body376	Sun	8.0797e+27	1.768583e+08	3.767607e+12	4.802385e+12	56001.61	847.52	15.93	5.65
Body377	Sun	5.4203e+27	1.360769e+08	3.225975e+12	4.028411e+12	43614.50	417.00	84.80	6.29
Body378	Sun	8.8245e+27	1.589050e+08	1.730558e+12	2.188158e+12	17315.93	91.62	54.74	5.90
Body379	Sun	3.9854e+27	1.740146e+08	1.243492e+12	1.266840e+12	8878.24	471.77	85.77	8.99
Body380	Sun	3.7558e+27	1.501643e+08	2.194078e+11	2.648661e+11	752.26	297.49	69.78	2.56
Body381	Sun	2.9233e+27	1.052876e+08	2.078581e+12	2.408944e+12	21219.74	217.84	6.27	24.46
Body382	Sun	2.5344e+27	1.062375e+08	4.888139e+12	5.093115e+12	70389.46	308.59	27.79	20.91
Body383	Sun	4.7050e+27	1.592763e+08	9.350786e+11	1.079678e+12	6383.57	276.15	29.02	5.31
Body384	Sun	3.1292e+27	1.766272e+08	2.408298e+12	3.488092e+12	31960.18	263.91	5.46	25.91
Body385	Sun	1.9557e+27	1.130576e+08	2.958594e+12	4.153030e+12	42333.39	224.07	52.63	17.97
Body386	Sun	1.8554e+27	9.194927e+07	4.959402e+12	5.848294e+12	79310.30	769.66	28.58	2.92
Body387	Sun	9.2005e+26	7.781307e+07	4.139243e+12	4.997019e+12	61642.86	112.45	15.83	0.39
Body388	Sun	1.4971e+27	9.348425e+07	4.330595e+12	4.965522e+12	63267.74	612.74	23.76	10.68
Body389	Sun	5.7787e+27	1.537598e+08	3.718044e+12	5.450715e+12	61972.04	124.63	64.59	4.77
Body390	Sun	5.5044e+27	1.340524e+08	4.887348e+12	6.721458e+12	88289.95	868.90	24.26	1.22
Body391	Sun	9.8861e+27	1.666594e+08	2.660675e+12	3.419345e+12	33464.74	89.47	41.20	29.33
Body392	Sun	7.3912e+27	1.926425e+08	9.673016e+11	1.042712e+12	6361.04	12.63	17.62	29.08
Body393	Sun	5.1964e+27	1.693095e+08	3.301717e+12	3.383843e+12	38586.61	748.01	12.81	24.22
Body394	Sun	2.1404e+27	1.296943e+08	6.670455e+11	9.195721e+11	4461.06	705.29	85.99	0.88
Body395	Sun	9.7376e+27	2.534175e+08	1.026957e+12	1.311132e+12	7980.34	605.80	3.81	18.64
Body396	Sun	1.1559e+27	8.835766e+07	2.490682e+12	3.382010e+12	31767.70	692.34	46.79	19.87
Body397	Sun	1.8158e+27	1.268882e+08	2.600578e+12	3.449553e+12	33218.27	965.10	26.35	19.04
Body398	Sun	4.3605e+27	1.396992e+08	3.177789e+12	3.663932e+12	39946.42	384.37	19.10	11.64
Body399	Sun	6.9358e+27	1.618789e+08	3.727077e+12	4.530399e+12	52966.45	968.91	66.44	11.93
Body400	Sun	3.6297e+27	1.569156e+08	3.918978e+12	4.656747e+12	56057.82	825.56	65.02	29.83
Body401	Sun	9.6062e+27	1.649951e+08	2.229739e+12	3.285354e+12	28910.73	500.47	67.49	14.50
Body402	Sun	2.1564e+27	1.386196e+08	1.150451e+12	1.608984e+12	10231.99	144.05	80.57	25.02
Body403	Sun	8.5047e+26	1.111178e+08	2.682086e+12	3.278623e+12	32484.54	128.34	84.36	8.30
Body404	Sun	5.0551e+27	1.292914e+08	9.138588e+11	1.284818e+12	7277.33	339.53	15.61	15.98
Body405	Sun	8.5986e+27	1.819551e+08	6.961402e+11	9.691940e+11	4797.14	841.19	5.65	24.79
Body406	Sun	6.3877e+27	1.615199e+08	2.351669e+12	2.770910e+12	25879.92	281.67	28.37	2.05
Body407	Sun	2.9024e+27	1.192503e+08	5.308772e+12	6.368058e+12	89067.11	412.09	86.82	10.02
Body408	Sun	7.4771e+27	1.675222e+08	4.267388e+12	4.492057e+12	57868.85	601.21	68.47	14.14
Body409	Sun	1.6261e+27	8.683197e+07	4.256602e+12	4.415118e+12	57001.69	86.13	66.77	10.66
Body410	Sun	3.5234e+27	1.278481e+08	5.508008e+12	6.164367e+12	89016.13	603.76	44.04	12.95
Body411	Sun	9.8456e+27	1.620193e+08	1.797781e+12	2.260275e+12	18247.65	894.46	5.05	12.20
Body412	Sun	4.0965e+27	1.380272e+08	2.377568e+12	2.381470e+12	23174.41	476.12	64.85	29.46
Body413	Sun	5.0672e+27	1.542649e+08	5.118633e+12	6.383498e+12	87075.79	441.73	36.20	0.75
Body414	Sun	9.2096e+27	1.665288e+08	7.846087e+11	1.069194e+12	5634.11	297.30	65.55	2.29
Body415	Sun	7.1357e+27	1.885798e+08	3.692265e+12	4.281190e+12	50257.37	851.29	54.28	21.86
Body416	Sun	8.6554e+27	1.759295e+08	3.038580e+12	3.271208e+12	35379.53	399.02	43.74	12.91
Body417	Sun	3.2284e+27	1.442063e+08	3.813564e+12	5.014188e+12	58547.06	372.62	15.75	6.29
Body418	Sun	8.1888e+27	1.707006e+08	1.025706e+11	1.182410e+11	231.61	488.75	39.54	5.42
Body419	Sun	9.0552e+27	1.962763e+08	4.640554e+12	5.651062e+12	73697.93	434.92	3.15	1.91
Body420	Sun	4.0333e+27	1.666560e+08	2.861646e+12	3.136446e+12	32790.62	955.51	29.90	22.66
Body421	Sun	3.6348e+27	1.340325e+08	1.494996e+12	1.778044e+12	13217.73	238.44	60.57	20.64
Body422	Sun	6.3200e+27	1.559532e+08	2.164815e+12	3.048619e+12	26571.49	266.30	30.17	22.86
Body423	Sun	8.4442e+27	2.054666e+08	4.086422e+12	4.931885e+12	60452.94	648.59	67.53	2.23
Body424	Sun	2.0073e+27	1.272402e+08	1.990907e+11	2.825100e+11	746.04	96.22	14.73	4.42
Body425	Sun	7.1985e+27	1.947824e+08	5.335595e+12	6.286485e+12	88441.42	412.09	50.19	26.15
Body426	Sun	8.0858e+27	2.286223e+08	2.850811e+12	3.793130e+12	38226.86	912.35	78.86	5.56
Body427	Sun	5.4405e+27	1.310951e+08	1.418366e+12	1.909373e+12	13550.45	259.35	87.97	22.56
Body428	Sun	7.4144e+27	1.432095e+08	3.407619e+11	4.836463e+11	1670.87	485.76	71.72	0.19
Body429	Sun	2.1441e+27	1.173815e+08	2.051117e+12	2.060282e+12	18608.63	21.10	48.45	5.15
Body430	Sun	4.2413e+27	1.566173e+08	1.081228e+12	1.267375e+12	8034.23	497.60	49.79	25.16
Body431	Sun	7.0323e+24	1.906588e+07	8.174064e+11	9.896374e+11	5422.29	500.03	71.83	14.35
Body432	Sun	7.8185e+27	1.491983e+08	2.946593e+12	3.205970e+12	34065.44	736.65	55.88	24.90
Body433	Sun	9.8841e+26	8.610382e+07	3.377581e+12	3.782884e+12	42770.25	569.01	14.97	29.56
Body434	Sun	1.6840e+27	1.361589e+08	4.505065e+11	6.385146e+11	2536.79	262.70	36.03	11.72
Body435	Sun	4.4429e+27	1.457794e+08	4.995401e+12	5.353541e+12	74314.55	148.54	82.47	10.02
Body436	Sun	1.6015e+27	1.064374e+08	6.608953e+11	9.130089e+11	4407.55	974.47	47.13	6.16
Body437	Sun	7.2170e+27	1.976286e+08	7.782843e+11	7.798163e+11	4341.33	195.85	32.79	22.10
Body438	Sun	2.2397e+27	9.884069e+07	3.517162e+12	5.214009e+12	57588.89	911.89	40.50	29.44
Body439	Sun	1.5877e+27	1.159356e+08	7.662523e+11	9.551549e+11	5041.45	812.64	62.59	28.42
Body440	Sun	9.3975e+27	1.650881e+08	3.913006e+12	4.202226e+12	51603.76	774.07	75.28	6.77
Body441	Sun	2.3538e+27	1.008507e+08	4.137844e+12	4.895141e+12	60600.58	771.75	85.06	22.32
Body442	Sun	9.5398e+27	1.558636e+08	4.774003e+11	5.803507e+11	2428.32	652.67	21.12	29.00
Body443	Sun	2.7088e+27	1.510099e+08	2.698268e+12	3.024515e+12	30559.12	611.25	70.14	20.34
Body444	Sun	8.2962e+27	1.711308e+08	3.628707e+12	4.421053e+12	50980.52	229.36	47.31	27.68
Body445	Sun	5.1694e+27	1.759025e+08	1.753419e+12	2.167482e+12	17330.41	912.01	88.32	2.80
Body446	Sun	1.3602e+27	9.503598e+07	2.133175e+12	3.138432e+12	27017.46	262.09	13.01	7.41
Body447	Sun	9.1256e+27	1.632835e+08	1.807461e+12	2.276414e+12	18422.08	691.10	71.11	2.08
Body448	Sun	1.5687e+27	9.187382e+07	3.538724e+12	5.068034e+12	56362.38	901.29	67.47	16.85
Body449	Sun	7.7169e+27	1.705575e+08	4.164680e+11	5.429187e+11	2097.59	149.54	55.86	24.67
Body450	Sun	8.8244e+27	1.764308e+08	1.071486e+12	1.082742e+12	7057.77	22.79	77.47	21.12
Body451	Sun	9.0393e+27	1.711266e+08	2.149734e+12	3.177765e+12	27448.27	782.39	24.25	27.70
Body452	Sun	2.9410e+27	1.364719e+08	4.473647e+12	4.754026e+12	62570.29	609.25	79.95	25.34
Body453	Sun	6.2841e+27	1.959667e+08	4.617639e+12	4.814729e+12	64663.77	376.17	69.96	5.50
Body454	Sun	9.9260e+27	1.788292e+08	1.573039e+12	1.974816e+12	14916.90	13.42	77.13	14.48
Body455	Sun	2.5872e+27	1.402951e+08	3.457652e+12	4.571806e+12	50787.79	261.58	88.38	0.98
Body456	Sun	8.2405e+27	1.524433e+08	5.102533e+12	6.505318e+12	88279.06	462.21	0.32	6.86
Body457	Sun	2.5804e+27	1.131526e+08	1.610001e+12	1.940106e+12	14931.11	199.03	65.79	7.35
Body458	Sun	2.0933e+27	1.126686e+08	3.097578e+12	4.294362e+12	44860.86	668.07	40.23	4.69
Body459	Sun	3.3446e+27	1.177706e+08	7.761920e+11	1.159333e+12	6010.74	639.65	9.56	1.68
Body460	Sun	8.1845e+27	1.614595e+08	4.875413e+12	6.838188e+12	89488.15	629.10	36.27	24.38
Body461	Sun	7.4782e+27	1.483548e+08	3.252786e+12	3.547383e+12	39583.07	186.65	6.92	25.55
Body462	Sun	4.3566e+27	1.296837e+08	5.277829e+12	5.463049e+12	78575.94	223.95	30.29	21.51
Body463	Sun	3.0186e+27	1.093779e+08	5.254204e+12	5.661383e+12	80500.86	184.17	74.44	24.59
Body464	Sun	4.4256e+27	1.522952e+08	3.827721e+11	4.885835e+11	1815.61	490.76	69.41	6.78
Body465	Sun	3.0272e+27	1.170711e+08	8.431206e+11	1.050867e+12	5818.29	901.82	73.75	7.77
Body466	Sun	5.3771e+27	1.422403e+08	1.750594e+12	2.356160e+12	18577.10	778.42	89.06	19.11
Body467	Sun	5.7398e+27	1.447700e+08	4.617832e+12	5.234174e+12	69026.67	12.68	67.67	14.86
Body468	Sun	6.0891e+27	1.719472e+08	1.153652e+12	1.312704e+12	8645.97	637.10	78.85	12.40
Body469	Sun	2.5655e+27	1.093494e+08	1.570905e+12	2.347617e+12	17314.63	472.17	34.15	12.77
Body470	Sun	4.8488e+27	1.434090e+08	2.789338e+12	3.756314e+12	37381.72	574.01	20.56	21.35
Body471	Sun	7.6919e+27	1.745765e+08	2.666074e+12	3.696229e+12	35822.14	592.14	72.71	10.61
Body472	Sun	6.0683e+27	1.541575e+08	2.737783e+12	2.924790e+12	30078.12	558.39	37.19	11.54
Body473	Sun	1.9220e+27	1.223802e+08	7.574190e+11	8.550201e+11	4570.41	383.58	6.01	22.54
Body474	Sun	9.4472e+27	1.865432e+08	2.778964e+11	2.864226e+11	946.27	957.85	31.85	17.10
Body475	Sun	7.2090e+27	2.220768e+08	1.341950e+12	1.595420e+12	11237.45	853.76	60.10	29.71
Body476	Sun	2.7511e+26	4.721892e+07	5.105080e+12	5.778029e+12	80141.85	749.30	74.99	2.38
Body477	Sun	6.9019e+27	1.895283e+08	1.363528e+11	1.559888e+11	352.83	158.29	69.27	24.31
Body478	Sun	8.5532e+27	2.360656e+08	3.152965e+12	4.216344e+12	44654.99	647.22	12.68	16.39
Body479	Sun	9.3200e+27	1.548702e+08	3.255026e+12	4.265535e+12	46036.81	704.02	75.98	24.84
Body480	Sun	1.6868e+26	4.116884e+07	6.129377e+11	7.216803e+11	3441.64	878.12	65.84	2.73
Body481	Sun	5.0784e+27	1.402438e+08	1.310607e+12	1.360695e+12	9745.73	786.04	60.01	26.72
Body482	Sun	4.3242e+27	1.350692e+08	7.864024e+11	8.733165e+11	4772.89	564.98	49.49	17.30
Body483	Sun	9.9408e+27	2.059800e+08	3.448808e+12	3.868690e+12	44184.89	172.24	80.98	14.90
Body484	Sun	3.3563e+27	1.366918e+08	1.300725e+12	1.702257e+12	11616.07	762.29	24.26	23.77
Body485	Sun	2.8793e+27	1.074770e+08	3.011082e+12	3.470080e+12	36830.64	883.95	17.28	9.40
Body486	Sun	1.0315e+27	8.494575e+07	2.196387e+12	2.734310e+12	24439.50	500.12	75.50	22.57
Body487	Sun	8.0622e+27	1.603439e+08	1.389907e+12	1.974804e+12	13776.90	912.63	57.93	3.19
Body488	Sun	9.3421e+27	1.916393e+08	4.518706e+12	6.468272e+12	81291.91	565.56	64.67	17.26
Body489	Sun	2.0610e+27	1.160190e+08	2.692987e+12	3.834726e+12	37228.16	151.91	53.76	25.39
Body490	Sun	9.9287e+26	7.554933e+07	1.444642e+12	1.515947e+12	11370.96	787.43	77.29	4.55
Body491	Sun	3.0539e+27	1.188801e+08	5.277528e+12	5.583664e+12	79899.89	24.67	39.22	4.16
Body492	Sun	2.4500e+27	1.017134e+08	3.561872e+12	4.432942e+12	50459.44	786.78	58.56	15.72
Body493	Sun	8.6792e+25	5.211608e+07	1.438408e+12	1.620167e+12	11940.12	883.27	49.00	15.67
Body494	Sun	9.8429e+27	1.804074e+08	2.909264e+12	2.994436e+12	32019.63	242.96	54.73	0.56
Body495	Sun	7.9653e+27	1.851566e+08	4.412882e+12	5.779026e+12	72629.52	778.58	18.63	28.17
Body496	Sun	3.0897e+27	1.343330e+08	4.338822e+12	4.563895e+12	59294.41	283.49	55.14	18.17
Body497	Sun	9.8872e+26	9.932886e+07	5.036302e+12	6.695949e+12	89701.96	554.00	42.00	15.59
Body498	Sun	4.7634e+27	1.635995e+08	1.260873e+11	1.501321e+11	324.05	274.23	2.77	23.06
Body499	Sun	2.3501e+27	1.074766e+08	4.591028e+12	5.842639e+12	75229.01	76.80	18.28	20.58
Body500	Sun	4.0000e+27	1.255052e+08	1.847152e+12	2.430926e+12	19751.63	140.90	51.53	22.16
Body501	Sun	7.4174e+26	6.707745e+07	2.352904e+11	3.453699e+11	987.67	391.22	11.52	28.99
Body502	Sun	9.9492e+27	2.241272e+08	3.553142e+12	4.299676e+12	49121.11	756.93	41.56	10.38
Body503	Sun	2.3306e+27	1.023897e+08	2.927803e+12	4.236887e+12	42808.10	834.31	22.08	25.34
Body504	Sun	7.6916e+27	1.489014e+08	2.954419e+12	3.410342e+12	35842.89	202.76	87.11	22.48
Body505	Sun	3.5615e+27	1.499152e+08	4.355412e+12	6.093254e+12	75391.29	656.48	8.67	24.66
Body506	Sun	5.3216e+27	1.476959e+08	2.956909e+12	3.680079e+12	38166.87	472.37	42.08	14.25
Body507	Sun	9.0059e+27	1.781269e+08	3.643908e+12	5.221179e+12	58918.87	562.59	7.35	17.56
Body508	Sun	4.8558e+27	1.687249e+08	3.676041e+12	4.121613e+12	48604.43	332.05	72.48	18.71
Body509	Sun	7.0394e+27	1.689132e+08	4.547902e+12	4.975613e+12	65603.31	974.25	29.34	17.34
Body510	Sun	2.9840e+27	1.375066e+08	2.027755e+11	2.720209e+11	730.28	513.18	68.86	0.79
Body511	Sun	9.7506e+27	1.623345e+08	9.918537e+11	1.281905e+12	7653.26	655.58	51.31	26.38
Body512	Sun	1.2738e+27	8.356769e+07	4.432100e+12	4.441100e+12	58999.76	138.68	15.09	7.77
Body513	Sun	1.7160e+27	1.196082e+08	3.810785e+12	5.083434e+12	59209.54	20.65	67.79	0.07
Body514	Sun	1.2979e+27	7.937646e+07	1.544113e+12	1.632159e+12	12635.91	633.91	21.26	27.00
Body515	Sun	8.0000e+27	1.598835e+08	1.629394e+12	2.296181e+12	17361.41	104.98	21.83	2.12
Body516	Sun	1.2476e+27	9.994441e+07	4.498045e+12	5.892541e+12	74763.56	709.46	74.63	2.68
Body517	Sun	5.6265e+27	1.456930e+08	1.345389e+12	1.806706e+12	12491.91	680.47	73.80	28.81
Body518	Sun	1.2278e+27	8.483313e+07	4.464944e+12	5.813771e+12	73559.40	574.96	2.87	20.32
Body519	Sun	4.9700e+26	5.941546e+07	1.799169e+12	2.318042e+12	18648.10	993.16	34.52	2.25
Body520	Sun	7.8775e+27	1.945021e+08	3.260011e+11	3.512374e+11	1244.06	197.48	4.06	7.60
Body521	Sun	6.3216e+27	1.486678e+08	4.804631e+12	6.242708e+12	81962.73	901.54	48.15	12.73
Body522	Sun	2.8044e+27	1.237767e+08	3.512293e+11	4.408422e+11	1573.54	359.71	69.62	15.23
Body523	Sun	6.9795e+27	1.683888e+08	5.521703e+12	5.963280e+12	86881.13	833.84	14.01	24.95
Body524	Sun	3.3246e+27	1.213427e+08	7.150888e+11	8.071467e+11	4192.30	593.21	12.35	27.33
Body525	Sun	4.9946e+27	1.288612e+08	4.620966e+12	4.941301e+12	66004.15	558.60	69.26	14.71
Body526	Sun	4.9843e+27	2.069668e+08	3.415904e+11	4.332453e+11	1522.45	105.41	44.42	4.28
Body527	Sun	6.9026e+27	1.384521e+08	2.094761e+11	3.014348e+11	815.17	541.16	72.12	12.51
Body528	Sun	7.9255e+27	2.177601e+08	5.755814e+12	6.052397e+12	90574.52	68.60	50.65	27.48
Body529	Sun	4.7923e+27	1.314340e+08	1.293689e+12	1.497756e+12	10410.55	871.18	66.37	21.01
Body530	Sun	7.0075e+27	1.389844e+08	3.774300e+12	4.075982e+12	49097.32	514.48	83.15	22.17
Body531	Sun	9.8403e+27	2.475908e+08	2.427816e+12	3.189774e+12	29720.42	174.65	32.48	25.70
Body532	Sun	3.3635e+27	1.298676e+08	1.801251e+12	2.410704e+12	19295.47	306.95	24.79	25.34
Body533	Sun	2.8571e+27	1.029924e+08	1.954455e+12	2.594830e+12	21659.32	28.98	17.72	19.58
Body534	Sun	6.1119e+26	7.769504e+07	3.113447e+12	4.135162e+12	43562.41	355.74	68.30	13.18
Body535	Sun	2.3865e+27	1.067921e+08	3.779959e+12	5.241255e+12	60482.17	723.57	25.67	17.60
Body536	Sun	8.3222e+27	2.297560e+08	2.460548e+12	2.612200e+12	25503.21	493.73	38.58	24.39
Body537	Sun	5.4014e+27	1.957588e+08	4.542039e+12	5.492414e+12	70952.95	971.24	59.09	27.34
Body538	Sun	5.5794e+26	6.605491e+07	4.986876e+12	6.482974e+12	86709.47	772.35	64.03	24.39
Body539	Sun	2.9906e+27	1.673447e+08	4.140386e+12	5.369098e+12	65458.40	982.38	69.44	29.63
Body540	Sun	5.7891e+27	1.499643e+08	9.443679e+11	1.099771e+12	6523.72	880.50	62.85	7.96
Body541	Sun	6.5857e+27	1.440767e+08	2.299805e+12	2.866108e+12	26209.00	763.63	76.98	11.65
Body542	Sun	4.1737e+26	5.891419e+07	3.715829e+12	4.373094e+12	51353.01	961.07	60.11	26.92
Body543	Sun	3.5093e+27	1.362400e+08	6.627940e+11	7.433351e+11	3721.93	676.56	23.63	25.43
Body544	Sun	1.0331e+27	8.207816e+07	3.255312e+12	4.529682e+12	48486.11	516.53	43.50	16.05
Body545	Sun	5.3155e+27	1.339974e+08	1.018039e+12	1.383897e+12	8309.44	894.50	12.18	16.73
Body546	Sun	1.3494e+27	1.102242e+08	1.020284e+12	1.047608e+12	6637.76	200.14	42.90	6.63
Body547	Sun	5.7317e+27	1.784442e+08	4.881118e+12	5.926226e+12	79306.43	874.42	81.82	13.25
Body548	Sun	8.6806e+27	1.912940e+08	1.133653e+12	1.429081e+12	9157.68	614.78	84.80	13.03
Body549	Sun	6.8074e+27	1.838697e+08	8.409856e+11	1.133192e+12	6191.69	388.46	75.01	27.59
Body550	Sun	1.9152e+27	1.061181e+08	2.200172e+12	2.715489e+12	24327.79	160.78	28.52	25.95
Body551	Sun	2.1321e+27	1.434144e+08	1.584228e+12	1.768669e+12	13704.41	607.50	45.34	15.35
Body552	Sun	1.3401e+27	1.136172e+08	5.523048e+12	6.384558e+12	91720.54	539.78	89.18	16.47
Body553	Sun	8.3198e+27	1.506738e+08	2.870153e+12	4.232012e+12	42248.96	994.04	20.29	16.72
Body554	Sun	7.7994e+27	1.974293e+08	2.724668e+12	3.045319e+12	30938.00	847.13	10.16	6.22
Body555	Sun	5.1260e+27	1.371726e+08	4.769441e+12	6.448956e+12	83873.76	238.68	2.70	28.33
Body556	Sun	7.8619e+27	1.902802e+08	6.208126e+11	7.365500e+11	3529.99	60.63	21.19	12.70
Body557	Sun	3.5760e+27	1.472795e+08	1.538017e+12	1.808062e+12	13662.63	475.17	58.51	12.59
Body558	Sun	3.5945e+27	1.271023e+08	3.381728e+12	4.164139e+12	46269.37	915.93	61.77	8.72
Body559	Sun	9.2349e+27	2.407114e+08	2.196219e+12	2.512280e+12	22806.24	954.18	40.25	9.30
Body560	Sun	2.6576e+27	1.112587e+08	1.996612e+12	2.593998e+12	21955.10	882.04	63.39	24.47
Body561	Sun	5.4702e+27	1.443673e+08	1.997901e+12	2.628394e+12	22211.60	522.89	73.47	16.00
Body562	Sun	3.1910e+27	1.250539e+08	4.993467e+12	5.154445e+12	72159.73	34.73	60.50	20.81
Body563	Sun	8.7807e+27	2.364753e+08	3.187868e+12	4.325019e+12	45966.37	862.21	75.56	23.92
Body564	Sun	3.7139e+27	1.384827e+08	1.130187e+12	1.645417e+12	10322.05	749.13	80.25	5.81
Body565	Sun	1.3946e+27	1.172864e+08	3.167369e+12	3.755141e+12	40656.06	18.64	59.48	15.00
Body566	Sun	6.2919e+27	2.160448e+08	3.742861e+11	5.590387e+11	2012.70	866.67	36.75	20.01
Body567	Sun	8.4028e+26	9.094047e+07	2.753443e+12	3.286386e+12	33133.46	741.81	5.58	18.74
Body568	Sun	9.4307e+27	1.690202e+08	4.536399e+12	4.921229e+12	64923.70	98.73	36.65	21.79
Body569	Sun	8.7512e+27	1.545129e+08	3.785615e+11	4.885882e+11	1802.48	261.19	76.42	26.91
Body570	Sun	5.6231e+27	1.365750e+08	2.932818e+11	4.110802e+11	1319.54	560.14	30.38	0.37
Body571	Sun	7.8225e+27	1.764672e+08	3.401620e+12	4.936774e+12	53746.92	622.13	6.22	25.70
Body572	Sun	2.2933e+26	4.763984e+07	1.930140e+12	2.406139e+12	20156.07	188.76	27.61	23.36
Body573	Sun	9.9831e+27	1.892180e+08	4.619933e+12	5.619017e+12	73132.95	896.93	23.99	0.81
Body574	Sun	6.6536e+26	6.935306e+07	1.278066e+11	1.449225e+11	317.93	294.11	13.03	14.10
Body575	Sun	8.7881e+27	2.247563e+08	1.377519e+12	1.726913e+12	12209.65	845.09	36.61	21.35
Body576	Sun	1.3519e+27	9.716654e+07	3.597008e+12	5.387831e+12	60116.72	757.89	20.02	10.16
Body577	Sun	5.6944e+27	1.454509e+08	5.569526e+11	5.852031e+11	2724.69	47.39	27.25	13.20
Body578	Sun	9.8463e+27	2.060244e+08	8.844992e+10	1.278618e+11	224.57	481.51	19.08	25.89
Body579	Sun	1.3957e+27	1.044535e+08	8.128223e+11	1.156979e+12	6171.11	646.14	56.74	15.79
Body580	Sun	8.6370e+27	2.039323e+08	3.795684e+11	5.435340e+11	1979.72	882.26	0.26	15.89
Body581	Sun	9.5963e+27	1.681805e+08	3.307188e+12	3.755470e+12	41896.93	584.04	69.78	12.73
Body582	Sun	6.3639e+27	1.418388e+08	9.473349e+10	1.267386e+11	232.65	610.52	69.74	17.06
Body583	Sun	7.6052e+27	1.493818e+08	3.171600e+12	4.231032e+12	44958.23	196.89	3.31	9.21
Body584	Sun	7.8389e+27	1.576130e+08	5.245162e+12	6.453331e+12	89315.07	68.45	77.22	21.37
Body585	Sun	4.6903e+27	1.534996e+08	4.655495e+12	5.664106e+12	73998.73	536.57	3.36	24.43
Body586	Sun	5.1027e+27	1.334465e+08	4.638016e+12	4.684403e+12	63536.44	993.87	24.69	5.45
Body587	Sun	1.6763e+26	6.249183e+07	3.291940e+12	4.336106e+12	47027.28	877.03	74.53	3.73
Body588	Sun	3.0922e+27	1.668517e+08	3.258337e+12	3.443964e+12	38731.63	180.67	13.66	10.66
Body589	Sun	8.7842e+27	1.587559e+08	4.574628e+12	6.670932e+12	84178.57	117.38	6.28	17.11
Body590	Sun	2.8358e+27	1.107324e+08	1.349358e+12	1.763634e+12	12260.18	865.25	73.17	4.49
Body591	Sun	7.4921e+27	1.432786e+08	4.226374e+12	4.586538e+12	58399.49	392.38	6.23	23.49
Body592	Sun	4.0808e+26	7.595546e+07	4.844239e+12	5.040209e+12	69367.90	691.15	13.10	7.18
Body593	Sun	2.6634e+27	1.119094e+08	3.188818e+12	3.729068e+12	40615.33	993.30	84.61	22.09
Body594	Sun	2.0537e+27	9.245059e+07	2.207264e+12	2.789723e+12	24934.01	513.23	50.29	27.39
Body595	Sun	4.8231e+27	1.291692e+08	3.709414e+12	4.775154e+12	55166.39	656.90	60.34	4.63
Body596	Sun	2.2349e+27	1.422886e+08	1.413145e+12	1.684331e+12	12168.64	691.28	57.24	13.59
Body597	Sun	2.4127e+27	1.266792e+08	5.621824e+11	7.012921e+11	3170.15	195.76	16.06	11.73
Body598	Sun	1.9189e+27	1.406166e+08	1.086210e+12	1.395944e+12	8729.17	724.38	29.30	19.29
Body599	Sun	7.4403e+27	1.521692e+08	3.975080e+12	4.040230e+12	50653.60	125.38	9.99	14.14
Body600	Sun	4.1264e+27	1.540578e+08	7.461191e+11	1.113518e+12	5660.73	697.72	59.26	19.87
Body601	Sun	5.0964e+27	1.604789e+08	6.994569e+11	7.221537e+11	3783.56	131.05	11.85	5.14
Body602	Sun	5.8429e+27	1.392262e+08	2.836608e+12	3.695388e+12	37264.80	140.43	23.97	0.47
Body603	Sun	6.3861e+27	1.400312e+08	1.022377e+12	1.074104e+12	6775.89	196.88	29.07	13.83
Body604	Sun	6.9074e+27	1.733678e+08	3.644665e+12	3.820532e+12	45529.39	875.67	21.58	9.02
Body605	Sun	2.2777e+27	9.814610e+07	6.218902e+11	7.150400e+11	3450.59	377.95	14.34	1.68
Body606	Sun	7.8112e+27	1.448301e+08	3.357480e+12	4.725713e+12	51298.46	163.44	82.11	15.70
Body607	Sun	1.6672e+27	9.799454e+07	4.424583e+11	6.241954e+11	2459.04	564.17	17.31	27.28
Body608	Sun	8.0527e+27	1.777253e+08	3.071975e+12	3.853214e+12	40679.66	278.50	71.09	14.87
Body609	Sun	5.9351e+27	2.031366e+08	4.715124e+12	6.917305e+12	88559.58	978.95	40.95	21.95
Body610	Sun	6.9975e+27	1.627862e+08	4.735623e+12	6.305377e+12	81892.19	364.33	26.24	24.90
Body611	Sun	4.1480e+27	1.300054e+08	2.878354e+12	4.074090e+12	40920.04	843.54	30.53	4.26
Body612	Sun	8.6256e+27	2.179435e+08	2.454831e+11	2.588656e+11	799.51	263.66	0.05	27.86
Body613	Sun	5.5879e+26	7.135781e+07	6.786723e+11	8.074939e+11	4044.18	449.03	24.08	9.05
Body614	Sun	4.7898e+27	1.404926e+08	2.851622e+12	3.251377e+12	33654.63	262.94	37.99	22.08
Body615	Sun	3.8986e+27	1.491472e+08	3.271041e+12	4.325671e+12	46737.82	334.23	46.32	25.32
Body616	Sun	6.5584e+27	1.481560e+08	2.138151e+12	2.670106e+12	23534.85	60.02	49.76	22.59
Body617	Sun	4.1267e+27	1.232920e+08	4.808372e+12	6.779994e+12	88056.86	74.78	89.83	19.65
Body618	Sun	7.3075e+27	1.463818e+08	2.728564e+12	3.093183e+12	31355.22	200.76	63.12	12.95
Body619	Sun	9.3858e+27	1.603639e+08	2.487899e+12	3.647216e+12	33920.64	446.58	26.05	24.68
Body620	Sun	8.0642e+26	8.033100e+07	6.565710e+10	8.949534e+10	136.42	101.95	58.06	23.57
Body621	Sun	1.5797e+27	9.161843e+07	1.813232e+12	2.090159e+12	17214.45	756.23	18.17	25.13
Body622	Sun	2.2774e+27	1.394495e+08	1.200200e+12	1.324505e+12	8954.60	548.78	23.98	21.61
Body623	Sun	1.5009e+27	1.098375e+08	3.217071e+12	4.481901e+12	47684.69	366.48	4.77	15.55
Body624	Sun	1.1641e+27	9.304218e+07	1.182022e+12	1.598088e+12	10347.20	97.49	9.73	27.26
Body625	Sun	2.3222e+27	1.362350e+08	2.597536e+12	2.945461e+12	29130.43	702.24	56.17	17.93
Body626	Sun	1.8177e+27	9.019185e+07	1.528284e+12	1.924995e+12	14324.43	671.35	49.91	21.03
Body627	Sun	9.9018e+27	1.950895e+08	4.202186e+12	5.302612e+12	65410.02	970.64	38.30	11.26
Body628	Sun	9.8070e+27	2.116687e+08	3.280393e+12	3.528699e+12	39661.01	350.50	15.53	15.33
Body629	Sun	7.0017e+27	1.575085e+08	2.916039e+12	3.993790e+12	40544.39	139.74	74.97	29.00
Body630	Sun	8.7760e+27	1.527673e+08	3.266674e+12	3.761149e+12	41587.34	328.44	69.06	25.43
Body631	Sun	5.0598e+27	1.836729e+08	4.857638e+12	6.474322e+12	85150.55	927.41	69.83	14.52
Body632	Sun	6.2093e+27	1.720525e+08	3.364843e+12	3.627442e+12	41272.29	903.75	40.06	18.97
Body633	Sun	3.1482e+27	1.191881e+08	4.289046e+12	5.985463e+12	73514.26	893.44	30.19	27.17
Body634	Sun	8.3756e+27	1.510933e+08	2.443548e+12	2.640116e+12	25585.57	173.41	61.83	20.20
Body635	Sun	8.2869e+27	2.503875e+08	1.933823e+12	2.385977e+12	20041.27	967.02	46.83	4.61
Body636	Sun	3.7081e+27	1.332281e+08	3.563228e+12	3.594214e+12	42743.16	324.21	57.42	10.06
Body637	Sun	3.6613e+27	1.838699e+08	2.579431e+12	2.955507e+12	29066.92	487.57	8.22	3.37
Body638	Sun	6.6554e+27	1.575340e+08	3.119769e+12	3.771060e+12	40377.29	578.39	15.94	22.75
Body639	Sun	6.7219e+27	1.477833e+08	4.266510e+12	5.927631e+12	72653.39	404.44	50.88	17.86
Body640	Sun	7.2872e+27	1.519513e+08	1.678077e+12	1.760825e+12	14235.07	711.50	44.06	1.84
Body641	Sun	5.2207e+27	1.832414e+08	5.543415e+11	6.293607e+11	2874.71	5.15	8.33	7.46
Body642	Sun	9.1980e+27	1.525688e+08	3.251267e+12	3.423772e+12	38495.56	151.15	32.71	15.80
Body643	Sun	1.1807e+27	1.209050e+08	2.491203e+12	2.969212e+12	28481.86	922.88	39.83	17.98
Body644	Sun	6.4049e+27	1.951658e+08	4.202506e+12	4.306468e+12	55404.58	407.29	45.96	11.40
Body645	Sun	5.2542e+27	1.410363e+08	2.779711e+12	3.191241e+12	32568.31	458.30	2.22	18.33
Body646	Sun	5.6813e+27	1.361348e+08	7.687999e+11	9.610805e+11	5078.72	629.88	3.57	21.58
Body647	Sun	3.5255e+27	1.374356e+08	4.527727e+12	4.990513e+12	65548.82	158.09	73.72	17.37
Body648	Sun	7.0856e+27	1.545076e+08	3.845073e+12	5.121056e+12	59929.05	217.61	29.73	24.82
Body649	Sun	6.1742e+27	1.378192e+08	1.245222e+12	1.612528e+12	10783.67	876.75	20.43	22.08
Body650	Sun	6.6324e+27	1.614260e+08	2.771048e+12	3.104675e+12	31792.29	394.43	6.08	15.28
Body651	Sun	6.6868e+27	1.376341e+08	4.367523e+12	4.673542e+12	60681.91	753.77	61.12	12.42
Body652	Sun	6.3386e+27	2.208530e+08	3.839817e+12	4.230381e+12	51174.81	176.68	11.40	26.13
Body653	Sun	1.6689e+27	9.367836e+07	9.001984e+11	9.149274e+11	5458.71	917.13	18.81	13.82
Body654	Sun	4.7040e+27	1.275828e+08	1.970757e+12	2.353976e+12	20075.62	882.47	37.34	28.14
Body655	Sun	5.0980e+25	4.329185e+07	2.783611e+12	3.427494e+12	34552.79	304.55	52.98	17.83
Body656	Sun	7.5974e+27	1.941819e+08	4.417107e+12	5.015281e+12	64663.97	837.16	40.53	8.50
Body657	Sun	5.0519e+27	1.383635e+08	7.701783e+11	8.450197e+11	4582.14	599.52	75.70	12.27
Body658	Sun	9.9969e+27	1.883477e+08	1.063394e+12	1.335193e+12	8292.07	633.75	85.60	7.71
Body659	Sun	5.2319e+27	1.650010e+08	4.821863e+12	5.420945e+12	73174.29	455.54	63.22	1.13
Body660	Sun	4.7749e+27	1.517307e+08	2.240457e+12	2.976753e+12	26600.35	805.38	77.73	17.03
Body661	Sun	6.3963e+27	1.526777e+08	1.674788e+12	2.490453e+12	18975.36	245.28	26.86	27.12
Body662	Sun	1.4923e+27	8.483736e+07	1.224671e+12	1.562803e+12	10388.34	674.38	51.79	18.21
Body663	Sun	1.5073e+27	8.880411e+07	1.276972e+11	1.634279e+11	350.63	758.28	1.39	14.32
Body664	Sun	2.3643e+27	9.770247e+07	1.369707e+12	1.743196e+12	12259.65	624.33	44.32	10.88
Body665	Sun	5.3549e+27	2.055558e+08	2.814531e+12	2.864813e+12	30211.84	81.91	69.88	20.74
Body666	Sun	8.3731e+27	1.848860e+08	1.482582e+12	1.952153e+12	14209.21	796.93	85.34	24.98
Body667	Sun	9.5599e+27	1.903878e+08	1.452929e+12	1.472777e+12	11170.59	465.53	49.76	5.03
Body668	Sun	6.6794e+26	6.605657e+07	2.984200e+12	3.159897e+12	33995.15	297.74	29.81	20.92
Body669	Sun	5.3302e+27	1.316435e+08	2.663686e+12	3.980973e+12	38233.05	737.59	7.05	27.13
Body670	Sun	2.9925e+27	1.051898e+08	5.279249e+12	6.345022e+12	88466.43	856.25	60.94	2.63
Body671	Sun	9.0228e+27	1.946070e+08	3.002972e+11	3.440762e+11	1154.61	902.44	58.09	5.84
Body672	Sun	9.5814e+27	1.638682e+08	5.057836e+12	5.345707e+12	74903.45	731.22	35.06	28.08
Body673	Sun	2.1537e+27	1.070105e+08	1.188487e+12	1.629851e+12	10561.35	140.89	69.30	3.57
Body674	Sun	6.2525e+25	3.214986e+07	5.185267e+12	5.374875e+12	76601.01	647.48	47.40	14.56
Body675	Sun	2.5174e+27	1.166774e+08	2.412024e+11	3.248249e+11	950.57	456.21	18.91	26.50
Body676	Sun	4.0505e+27	1.237642e+08	2.618564e+12	3.085215e+12	30407.02	380.44	31.81	26.29
Body677	Sun	9.4788e+27	2.132649e+08	3.351775e+12	4.232062e+12	46619.04	971.46	60.46	4.02
Body678	Sun	3.0784e+27	1.174746e+08	1.444552e+12	1.474426e+12	11132.08	148.08	37.31	24.66
Body679	Sun	1.6942e+27	1.201494e+08	5.942706e+11	7.394723e+11	3438.26	611.92	76.36	24.93
Body680	Sun	8.7717e+25	3.832669e+07	6.845705e+11	9.753237e+11	4773.65	387.43	65.14	18.47
Body681	Sun	8.1771e+27	2.313155e+08	1.223327e+12	1.585633e+12	10508.68	824.41	40.35	23.20
Body682	Sun	7.4057e+27	1.992783e+08	2.353609e+12	2.834605e+12	26378.90	483.04	33.86	25.84
Body683	Sun	7.8556e+27	2.052743e+08	3.647354e+12	5.057733e+12	57331.01	810.47	50.86	12.81
Body684	Sun	8.1124e+27	1.484110e+08	4.365112e+12	6.281041e+12	77538.77	213.23	64.60	18.83
Body685	Sun	5.8704e+27	2.092262e+08	4.163441e+12	5.524861e+12	67313.38	761.60	66.41	5.50
Body686	Sun	2.8150e+27	1.050999e+08	4.538952e+12	6.121617e+12	77696.33	435.71	64.51	4.02
Body687	Sun	4.0620e+26	5.531827e+07	1.733032e+12	2.066308e+12	16530.74	857.13	44.62	10.35
Body688	Sun	5.9277e+27	1.609569e+08	6.336067e+11	8.969886e+11	4226.89	979.01	47.68	26.91
Body689	Sun	6.5196e+27	1.696649e+08	1.047445e+12	1.277087e+12	7911.04	280.25	15.41	15.53
Body690	Sun	3.1449e+27	1.212097e+08	2.382868e+12	2.688498e+12	25492.79	297.09	1.98	8.76
Body691	Sun	4.4939e+27	1.208670e+08	1.800254e+12	1.926335e+12	16058.21	584.51	16.48	29.51
Body692	Sun	5.0917e+27	1.256073e+08	3.391585e+12	3.976175e+12	44640.91	451.13	12.61	22.70
Body693	Sun	3.2668e+27	1.078502e+08	3.302254e+12	4.453776e+12	48215.77	556.43	35.71	4.20
Body694	Sun	3.4787e+27	1.329652e+08	4.853137e+12	6.739991e+12	88111.15	828.99	43.15	29.55
Body695	Sun	8.8157e+27	1.754733e+08	3.332440e+11	4.445674e+11	1531.23	901.59	67.74	24.27
Body696	Sun	6.2785e+27	1.936547e+08	4.958086e+11	5.810640e+11	2494.46	802.84	32.06	3.94
Body697	Sun	9.1696e+27	1.525752e+08	3.581007e+12	3.665854e+12	43546.65	10.53	85.66	0.60
Body698	Sun	2.9246e+27	1.141391e+08	2.501529e+12	3.000833e+12	28810.68	925.92	79.83	12.08
Body699	Sun	2.6760e+27	1.239196e+08	5.310446e+12	6.174615e+12	86882.00	813.56	4.27	9.93
Body700	Sun	7.3130e+27	2.083695e+08	6.570099e+11	9.268078e+11	4449.26	581.01	44.98	3.09
Body701	Sun	9.0386e+27	1.539921e+08	2.706233e+12	3.070032e+12	30988.50	147.55	5.16	29.74
Body702	Sun	2.4557e+27	1.358998e+08	6.731125e+11	7.724482e+11	3879.58	441.90	70.20	0.60
Body703	Sun	9.8671e+27	1.790456e+08	1.072904e+12	1.247770e+12	7891.35	777.70	24.50	29.43
Body704	Sun	9.2107e+27	1.833387e+08	6.380349e+11	7.069881e+11	3481.97	862.24	70.84	12.06
Body705	Sun	1.6406e+27	9.710775e+07	2.870417e+12	4.078777e+12	40891.36	508.68	73.65	11.34
Body706	Sun	7.5797e+27	1.472274e+08	4.860175e+12	5.444021e+12	73833.10	25.35	78.80	19.52
Body707	Sun	6.0512e+27	1.970819e+08	2.551787e+12	3.218329e+12	30939.03	931.30	27.02	1.88
Body708	Sun	7.7604e+27	2.411263e+08	1.880993e+12	2.258583e+12	18800.25	750.79	75.63	3.87
Body709	Sun	1.8411e+27	1.062471e+08	3.306299e+12	3.499351e+12	39630.94	91.86	3.35	25.35
Body710	Sun	6.3238e+27	2.024647e+08	8.654553e+11	1.226677e+12	6754.82	981.95	59.79	20.59
Body711	Sun	9.0051e+26	8.976899e+07	2.726178e+11	2.726592e+11	898.78	87.33	63.28	18.95
Body712	Sun	2.3325e+27	1.004298e+08	1.283776e+12	1.737759e+12	11723.88	871.05	74.67	5.61
Body713	Sun	9.6504e+27	1.910807e+08	3.096210e+12	4.180332e+12	43814.47	60.38	63.21	19.55
Body714	Sun	2.1050e+27	9.641996e+07	9.369198e+11	9.820168e+11	5933.64	550.74	25.22	7.80
Body715	Sun	6.1676e+27	1.447490e+08	1.099343e+12	1.406636e+12	8855.15	834.86	32.89	14.34
Body716	Sun	6.0717e+27	1.499353e+08	4.470437e+12	4.911575e+12	64146.63	686.67	78.77	16.16
Body717	Sun	2.2645e+27	1.079736e+08	2.009431e+11	2.960652e+11	782.12	903.97	85.77	8.37
Body718	Sun	6.4039e+27	1.350121e+08	4.755906e+12	6.593310e+12	85345.12	402.94	20.72	7.07
Body719	Sun	9.2489e+27	1.721156e+08	3.113365e+12	4.426173e+12	46211.17	246.39	37.36	8.06
Body720	Sun	4.4981e+27	1.500720e+08	5.363544e+12	6.014225e+12	85667.40	781.92	23.35	21.16
Body721	Sun	6.4190e+26	7.125502e+07	4.137724e+12	5.296837e+12	64686.32	785.26	19.99	21.22
Body722	Sun	7.0734e+27	2.153562e+08	1.105768e+12	1.492155e+12	9346.94	121.08	27.67	23.35
Body723	Sun	9.9759e+27	1.648708e+08	1.673866e+12	1.768920e+12	14259.19	790.53	29.90	25.24
Body724	Sun	3.4584e+27	1.299170e+08	4.189965e+12	5.421967e+12	66519.04	807.60	79.73	20.44
Body725	Sun	8.4461e+27	1.983083e+08	4.642949e+12	5.130437e+12	68202.06	606.68	41.89	27.75
Body726	Sun	1.4119e+27	1.039193e+08	1.665998e+12	2.268914e+12	17423.38	727.13	88.89	8.30
Body727	Sun	2.7468e+27	1.150489e+08	1.874535e+12	2.246815e+12	18676.22	636.58	79.62	26.91
Body728	Sun	6.9727e+27	1.583555e+08	3.868263e+12	4.571330e+12	54728.33	444.27	77.64	9.34
Body729	Sun	4.4448e+27	1.205273e+08	3.734815e+12	4.761866e+12	55284.56	389.00	27.25	9.05
Body730	Sun	6.9058e+27	2.070975e+08	1.782753e+12	1.844916e+12	15423.09	813.56	4.16	9.75
Body731	Sun	2.0583e+27	1.366687e+08	4.320770e+11	4.369668e+11	1808.39	162.84	59.72	15.78
Body732	Sun	6.8753e+27	1.522908e+08	4.657192e+12	5.532301e+12	72603.69	98.93	8.82	28.85
Body733	Sun	7.2160e+27	1.476193e+08	2.961077e+12	3.551545e+12	37099.13	474.29	15.59	23.69
Body734	Sun	1.8899e+27	1.532389e+08	1.792719e+12	2.684058e+12	21143.56	635.70	71.34	15.37
Body735	Sun	4.4692e+27	1.375724e+08	1.801576e+12	1.890586e+12	15836.20	850.43	41.96	0.37
Body736	Sun	5.9610e+27	1.528664e+08	3.555609e+12	4.229774e+12	48489.74	199.03	85.35	8.54
Body737	Sun	9.4738e+27	1.852793e+08	5.219893e+12	5.496255e+12	78304.72	450.89	45.89	29.60
Body738	Sun	1.8846e+27	9.675231e+07	2.741286e+12	3.073548e+12	31299.40	207.78	56.88	15.47
Body739	Sun	5.4524e+27	1.721344e+08	4.374544e+12	6.440092e+12	79386.71	728.70	26.01	1.93
Body740	Sun	4.4078e+27	1.449594e+08	5.242816e+12	6.570793e+12	90636.64	157.14	59.94	28.77
Body741	Sun	2.4734e+27	1.406079e+08	3.818592e+12	4.916598e+12	57628.65	197.06	32.60	11.90
Body742	Sun	6.6536e+27	1.817094e+08	3.107224e+12	4.500769e+12	46841.96	190.85	15.66	17.73
Body743	Sun	9.7282e+27	2.161618e+08	2.627191e+12	2.821516e+12	28390.30	168.02	86.99	24.88
Body744	Sun	7.6137e+27	1.951019e+08	3.481449e+12	3.951375e+12	45233.56	69.84	46.46	12.65
Body745	Sun	3.6607e+27	1.132154e+08	2.091348e+12	2.369533e+12	21031.05	406.50	88.99	23.44
Body746	Sun	9.7312e+27	1.993727e+08	1.719958e+12	1.749824e+12	14427.24	584.02	77.91	28.75
Body747	Sun	3.2765e+27	1.141224e+08	3.325717e+12	3.827440e+12	42704.78	891.01	54.86	22.71
Body748	Sun	2.0236e+27	9.809100e+07	3.460011e+12	4.263177e+12	47909.85	497.14	27.88	3.13
Body749	Sun	6.3109e+27	1.696420e+08	5.135100e+12	6.550129e+12	89163.23	612.31	68.67	10.43
Body750	Sun	7.9563e+27	1.986126e+08	2.017500e+12	2.837771e+12	23880.87	576.49	79.24	7.83
Body751	Sun	7.1865e+27	1.569489e+08	1.647739e+12	2.146068e+12	16494.64	777.30	23.45	19.20
Body752	Sun	8.1387e+27	1.525988e+08	4.419335e+12	5.880036e+12	73781.25	784.08	46.09	19.88
Body753	Sun	5.4933e+27	1.964893e+08	9.833217e+11	1.205656e+12	7229.23	698.90	42.45	6.93
Body754	Sun	4.6187e+27	1.545771e+08	1.497523e+12	2.104602e+12	15260.48	251.36	48.65	0.83
Body755	Sun	3.9813e+27	1.758065e+08	1.689227e+12	1.865884e+12	14962.69	448.01	22.96	25.09
Body756	Sun	3.3000e+27	1.416464e+08	2.922909e+12	3.585150e+12	37060.15	269.16	28.22	9.64
Body757	Sun	2.2703e+27	1.130617e+08	3.965952e+12	5.923921e+12	69425.01	580.93	18.28	12.17
Body758	Sun	7.8467e+27	1.562964e+08	4.265217e+11	6.390576e+11	2455.32	589.12	53.51	4.80
Body759	Sun	2.7814e+27	1.131743e+08	4.925186e+12	5.910684e+12	79620.63	676.28	30.02	26.56
Body760	Sun	7.1345e+27	2.179514e+08	5.641644e+12	5.992317e+12	88577.08	494.13	32.35	13.35
Body761	Sun	8.2454e+27	1.873701e+08	4.262450e+12	5.195478e+12	64926.79	37.24	17.90	18.18
Body762	Sun	8.8696e+27	1.518515e+08	5.255817e+12	6.604447e+12	91174.09	878.59	26.42	25.86
Body763	Sun	4.9257e+27	1.276655e+08	3.696232e+12	4.243827e+12	49941.95	798.47	58.34	10.03
Body764	Sun	3.8036e+26	7.287011e+07	5.209943e+12	5.433915e+12	77513.71	217.40	9.55	7.72
Body765	Sun	4.2820e+26	7.777941e+07	1.625610e+12	1.998940e+12	15403.20	970.25	16.58	23.81
Body766	Sun	2.9650e+27	1.575066e+08	9.892495e+11	1.161756e+12	7041.94	947.65	89.28	18.89
Body767	Sun	9.2219e+27	2.500737e+08	3.357401e+12	4.927184e+12	53227.50	613.50	23.10	18.44
Body768	Sun	4.0993e+27	1.327307e+08	3.155841e+12	4.088499e+12	43523.94	814.05	78.95	14.01
Body769	Sun	3.4617e+27	1.551811e+08	5.489793e+12	6.256931e+12	89867.99	259.64	87.52	6.88
Body770	Sun	5.3734e+27	1.496660e+08	1.672312e+11	1.941460e+11	484.92	566.39	73.76	11.80
Body771	Sun	1.9619e+27	9.333127e+07	1.564722e+12	1.694455e+12	13133.85	395.49	17.46	3.50
Body772	Sun	4.9878e+27	1.505044e+08	8.220494e+11	1.068013e+12	5800.22	389.61	43.60	20.70
Body773	Sun	3.4550e+27	1.311945e+08	3.222110e+12	4.367636e+12	46673.54	429.01	8.46	0.09
Body774	Sun	7.3621e+27	1.876320e+08	1.661870e+12	2.202044e+12	16953.96	476.20	40.46	28.35
Body775	Sun	3.0545e+27	1.056399e+08	7.243827e+10	1.025687e+11	163.42	555.44	35.45	28.36
Body776	Sun	9.6582e+27	1.721125e+08	2.458446e+11	2.478022e+11	774.20	32.31	83.18	17.53
Body777	Sun	9.8524e+27	2.027581e+08	3.684695e+12	4.363756e+12	50968.08	927.05	86.65	1.79
Body778	Sun	7.0989e+27	1.687027e+08	1.559904e+12	1.763415e+12	13523.46	690.01	42.39	17.64
Body779	Sun	4.1087e+27	1.229492e+08	8.804349e+11	1.128993e+12	6358.26	542.17	22.21	26.67
Body780	Sun	8.2235e+27	1.510685e+08	1.483432e+12	1.527402e+12	11661.65	868.45	69.30	20.48
Body781	Sun	3.3848e+27	1.356548e+08	1.335901e+12	1.756707e+12	12139.96	718.42	15.37	6.77
Body782	Sun	6.7295e+27	1.607458e+08	1.646678e+12	2.241862e+12	17116.30	933.02	0.41	14.43
Body783	Sun	2.7597e+27	1.195661e+08	3.699454e+12	4.314294e+12	50638.80	179.00	1.42	21.02
Body784	Sun	5.4766e+27	1.694230e+08	4.985688e+12	5.381963e+12	74516.16	633.26	56.01	14.82
Body785	Sun	4.9615e+27	2.111936e+08	1.046013e+12	1.191310e+12	7470.04	859.24	72.94	8.10
Body786	Sun	5.2582e+27	1.700438e+08	4.693000e+12	5.359069e+12	71139.88	79.95	14.38	25.68
Body787	Sun	4.2537e+27	1.443780e+08	3.129472e+12	3.474493e+12	37882.36	830.45	36.12	17.98
Body788	Sun	7.2825e+27	1.561161e+08	2.877348e+12	3.196096e+12	33410.45	183.83	49.66	12.57
Body789	Sun	5.0988e+27	1.620833e+08	1.919115e+12	2.258786e+12	19061.94	675.38	76.80	4.27
Body790	Sun	6.0362e+27	1.360996e+08	2.521799e+12	3.736863e+12	34950.40	390.08	57.12	0.66
Body791	Sun	1.6849e+27	8.692455e+07	2.733814e+12	2.901391e+12	29860.32	164.14	68.13	17.49
Body792	Sun	6.9748e+26	6.907430e+07	4.087562e+12	4.370266e+12	54905.80	170.30	33.57	18.87
Body793	Sun	2.0812e+26	5.166346e+07	5.131916e+12	5.855899e+12	81301.19	163.24	74.03	10.93
Body794	Sun	8.9264e+25	4.721457e+07	3.112639e+11	3.201372e+11	1119.92	470.30	24.15	2.15
Body795	Sun	4.0204e+27	1.881066e+08	1.642506e+12	1.673117e+12	13476.52	629.64	79.06	6.59
Body796	Sun	3.8275e+27	1.579264e+08	4.324521e+12	5.879399e+12	72757.95	237.52	34.82	12.70
Body797	Sun	9.1595e+27	1.639789e+08	1.476711e+12	1.941493e+12	14106.75	100.90	72.76	18.96
Body798	Sun	6.3655e+27	1.837292e+08	1.351832e+12	1.833104e+12	12687.64	186.76	78.37	6.86
Body799	Sun	6.3908e+26	6.391936e+07	4.241467e+11	5.600552e+11	2179.50	351.51	87.59	2.59
Body800	Sun	9.0038e+27	1.750853e+08	2.113008e+12	2.876050e+12	24874.69	9.00	52.46	18.18
Body801	Sun	3.9695e+27	1.272033e+08	4.855889e+12	5.715569e+12	76724.18	905.23	36.86	17.59
Body802	Sun	3.3868e+27	1.214496e+08	2.069740e+12	2.484869e+12	21697.34	684.49	83.19	27.08
Body803	Sun	4.4919e+27	1.303952e+08	3.695732e+12	3.870261e+12	46454.61	586.98	59.56	0.97
Body804	Sun	2.1521e+27	1.062774e+08	4.354848e+12	4.745903e+12	61283.81	322.13	65.25	5.08
Body805	Sun	5.4648e+27	1.841824e+08	2.512338e+12	3.746478e+12	34951.69	896.65	87.19	7.80
Body806	Sun	3.2163e+27	1.283061e+08	2.954216e+12	4.076104e+12	41609.50	198.61	50.50	8.08
Body807	Sun	6.4876e+27	2.123748e+08	3.701780e+11	4.425825e+11	1635.59	704.48	30.03	24.91
Body808	Sun	7.8382e+27	2.037118e+08	3.172656e+12	4.324381e+12	45820.98	249.48	7.72	2.61
Body809	Sun	8.1283e+27	1.578680e+08	1.671842e+12	2.013471e+12	15792.16	560.00	86.04	1.76
Body810	Sun	8.0987e+27	2.119058e+08	1.659946e+12	2.043677e+12	15910.00	409.28	38.41	9.64
Body811	Sun	6.4042e+26	7.999059e+07	3.303926e+12	4.045457e+12	44474.00	55.95	61.07	25.41
Body812	Sun	1.5328e+27	9.731539e+07	3.568759e+12	5.126696e+12	57235.88	45.76	53.83	0.04
Body813	Sun	1.9466e+27	1.104210e+08	5.115630e+11	6.325475e+11	2731.69	839.94	58.95	11.82
Body814	Sun	3.1947e+27	1.361832e+08	5.476881e+11	7.176736e+11	3177.25	163.69	6.31	11.04
Body815	Sun	2.2745e+27	9.620593e+07	2.065820e+12	2.371179e+12	20862.38	630.89	18.92	3.12
Body816	Sun	5.0661e+27	1.700342e+08	4.357878e+11	5.348211e+11	2134.50	371.30	12.31	2.22
Body817	Sun	8.5411e+27	1.500044e+08	3.954660e+12	4.362237e+12	53539.20	656.99	0.09	27.55
Body818	Sun	1.8349e+27	9.363597e+07	1.501193e+12	1.996701e+12	14602.92	598.54	38.81	9.43
Body819	Sun	8.1831e+27	1.508363e+08	3.576913e+12	4.028728e+12	46820.24	125.04	23.05	0.48
Body820	Sun	3.2302e+27	1.107834e+08	4.650347e+12	5.710242e+12	74440.05	687.72	13.22	24.62
Body821	Sun	1.0140e+27	1.142813e+08	2.921294e+11	3.667616e+11	1193.85	625.98	73.22	13.57
Body822	Sun	4.4336e+27	1.563847e+08	3.147495e+12	3.609590e+12	39207.48	184.92	76.25	8.69
Body823	Sun	5.4520e+27	1.481875e+08	4.771354e+12	5.265168e+12	70974.90	378.76	89.07	16.31
Body824	Sun	3.6352e+27	1.239033e+08	3.767103e+12	5.081702e+12	58756.62	587.09	76.57	22.82
Body825	Sun	4.2745e+27	1.334407e+08	6.449422e+10	9.562589e+10	143.02	421.09	0.29	1.13
Body826	Sun	7.0194e+26	1.047239e+08	2.874705e+12	2.904525e+12	31012.37	225.75	33.83	3.14
Body827	Sun	3.0312e+27	1.451694e+08	2.165855e+12	2.372230e+12	21579.37	381.85	61.50	16.23
Body828	Sun	4.9823e+26	8.794830e+07	4.558247e+12	4.788905e+12	63789.46	585.88	77.36	7.57
Body829	Sun	8.1673e+27	1.492889e+08	3.695258e+12	4.435294e+12	51749.95	251.16	59.64	15.39
Body830	Sun	2.7736e+27	1.507585e+08	3.834846e+12	3.949169e+12	48476.97	422.36	7.58	18.59
Body831	Sun	6.8917e+27	1.609205e+08	1.379232e+12	1.827154e+12	12816.03	667.29	18.32	28.05
Body832	Sun	8.6123e+27	1.586913e+08	1.686347e+12	2.316403e+12	17875.89	222.40	77.93	10.68
Body833	Sun	9.2661e+27	1.858154e+08	3.787001e+12	4.576238e+12	53987.31	268.90	25.59	25.71
Body834	Sun	5.5973e+27	1.898583e+08	6.193556e+11	8.065722e+11	3800.81	836.32	39.41	10.46
Body835	Sun	7.1668e+27	2.254540e+08	3.287343e+11	3.770252e+11	1323.47	98.74	66.57	2.01
Body836	Sun	2.7181e+27	1.187420e+08	6.877925e+11	9.737674e+11	4780.84	144.51	1.98	11.65
Body837	Sun	6.8554e+27	1.855014e+08	2.746791e+12	3.685303e+12	36413.17	751.14	0.31	27.00
Body838	Sun	2.3995e+27	1.058273e+08	3.766395e+12	5.155908e+12	59490.19	308.48	26.11	14.71
Body839	Sun	7.8068e+27	1.537262e+08	9.772772e+11	1.002929e+12	6220.07	26.03	9.68	5.06
Body840	Sun	8.7288e+27	1.984381e+08	2.449361e+12	3.467330e+12	32125.38	724.19	60.93	27.30
Body841	Sun	1.0060e+27	7.503319e+07	2.140933e+12	2.546980e+12	22656.83	322.59	86.40	19.17
Body842	Sun	9.0737e+27	1.540691e+08	3.909387e+12	5.539810e+12	64836.90	987.76	25.57	14.72
Body843	Sun	5.0952e+27	1.302532e+08	2.259469e+12	3.272251e+12	29041.58	541.96	63.12	13.08
Body844	Sun	9.8060e+27	1.817158e+08	2.762459e+12	2.837955e+12	29584.22	119.93	14.05	22.82
Body845	Sun	7.9772e+27	2.264198e+08	5.901269e+11	8.496672e+11	3856.39	412.34	39.91	16.79
Body846	Sun	2.6435e+27	1.165752e+08	1.326289e+12	1.333791e+12	9684.38	289.20	72.77	21.34
Body847	Sun	6.4602e+27	1.514049e+08	2.658738e+12	2.942999e+12	29594.70	113.29	24.34	4.90
Body848	Sun	3.3706e+27	1.732475e+08	4.047466e+12	5.645538e+12	67362.39	500.21	84.33	20.58
Body849	Sun	2.6003e+27	1.034806e+08	2.571219e+12	2.639029e+12	26547.13	205.63	17.87	22.03
Body850	Sun	2.0093e+27	1.381381e+08	4.687415e+12	5.836501e+12	76207.19	969.97	59.29	28.59
Body851	Sun	1.5634e+27	8.686767e+07	5.137436e+11	6.300002e+11	2730.38	824.72	33.96	16.41
Body852	Sun	6.3880e+27	2.219009e+08	3.819466e+12	4.334522e+12	51973.86	323.35	64.34	24.16
Body853	Sun	2.9310e+27	1.465807e+08	4.312747e+12	5.875036e+12	72585.42	423.81	70.55	4.04
Body854	Sun	8.4111e+27	2.246568e+08	4.056981e+12	5.762079e+12	68680.70	278.03	64.94	22.05
Body855	Sun	2.7376e+27	1.059129e+08	2.820525e+12	3.007815e+12	31408.51	370.64	84.22	14.33
Body856	Sun	6.8318e+27	1.704634e+08	2.357119e+11	2.657692e+11	792.71	590.49	58.90	21.04
Body857	Sun	6.2530e+27	1.424311e+08	4.956031e+12	5.915133e+12	80009.95	610.58	20.55	4.58
Body858	Sun	4.3572e+27	1.457253e+08	1.447219e+12	1.931051e+12	13860.26	526.86	80.16	0.88
Body859	Sun	7.7168e+25	3.104786e+07	2.074356e+12	2.089892e+12	18968.58	484.45	23.31	0.19
Body860	Sun	7.5549e+27	1.608888e+08	4.090976e+12	4.553747e+12	56735.72	712.14	49.24	20.20
Body861	Sun	7.3885e+26	6.612343e+07	4.184243e+12	4.280873e+12	54976.78	150.79	27.25	7.12
Body862	Sun	3.6211e+27	1.214815e+08	2.523097e+12	2.661333e+12	26350.05	198.05	40.11	18.26
Body863	Sun	8.6704e+27	1.981878e+08	3.787848e+12	4.963999e+12	57793.57	55.92	24.97	17.92
Body864	Sun	8.6785e+27	2.273856e+08	3.794073e+12	3.870864e+12	47368.85	943.67	1.61	8.96
Body865	Sun	9.7178e+27	1.960672e+08	6.983952e+11	7.516040e+11	3897.46	85.67	89.72	0.67
Body866	Sun	7.7464e+26	1.115426e+08	2.254975e+12	2.803127e+12	25392.84	577.51	73.87	24.89
Body867	Sun	8.9941e+27	1.561262e+08	5.153694e+12	5.938454e+12	82461.91	504.26	76.54	16.41
Body868	Sun	7.1877e+27	1.406967e+08	2.720472e+12	3.867679e+12	37746.38	515.60	80.03	23.19
Body869	Sun	3.6650e+27	1.507640e+08	2.461898e+12	3.254849e+12	30510.78	247.33	30.70	7.13
Body870	Sun	3.7451e+27	1.165560e+08	4.325163e+12	5.076455e+12	64347.81	971.14	77.57	6.34
Body871	Sun	7.9399e+26	9.739566e+07	4.239453e+12	5.725506e+12	70217.15	85.48	6.34	9.15
Body872	Sun	1.9699e+27	9.691323e+07	2.322850e+11	3.458315e+11	981.19	783.19	0.69	29.20
Body873	Sun	2.3061e+27	1.534562e+08	2.336604e+12	3.336222e+12	30159.85	500.46	76.34	12.15
Body874	Sun	2.5165e+27	1.577829e+08	1.183660e+12	1.579775e+12	10254.25	858.82	47.64	4.47
Body875	Sun	9.4586e+27	2.487679e+08	3.710907e+12	3.935771e+12	47199.69	415.90	24.77	1.35
Body876	Sun	7.1456e+27	1.793819e+08	2.474836e+12	2.502420e+12	24786.48	423.77	43.29	29.63
Body877	Sun	3.4477e+27	1.317614e+08	1.681204e+11	2.345933e+11	570.46	666.25	10.99	7.14
Body878	Sun	4.5420e+26	5.715711e+07	1.863958e+12	2.542893e+12	20650.12	813.79	40.88	23.58
Body879	Sun	6.3397e+27	1.475740e+08	1.860826e+12	1.864750e+12	16051.67	334.18	55.06	6.37
Body880	Sun	5.2229e+27	1.705624e+08	5.108201e+12	5.787221e+12	80277.90	414.69	14.89	6.01
Body881	Sun	8.4011e+27	1.658661e+08	3.486584e+12	3.772494e+12	43656.82	479.21	36.35	23.46
Body882	Sun	2.1929e+27	1.145395e+08	1.170749e+12	1.199505e+12	8145.58	912.38	27.67	3.27
Body883	Sun	7.0532e+27	1.555324e+08	4.709512e+12	4.945570e+12	66967.46	372.90	70.44	12.38
Body884	Sun	4.4863e+27	1.490233e+08	6.455050e+11	8.742220e+11	4181.94	224.94	82.19	14.04
Body885	Sun	1.6506e+27	1.000334e+08	5.080491e+12	6.302493e+12	85726.30	474.34	0.89	10.03
Body886	Sun	8.3071e+27	1.541072e+08	8.445749e+10	9.707284e+10	172.64	413.82	16.62	23.59
Body887	Sun	5.5405e+27	1.306560e+08	8.606090e+11	8.861968e+11	5153.44	760.23	23.25	9.21
Body888	Sun	5.1097e+27	1.417403e+08	1.586306e+11	2.301580e+11	541.13	316.16	53.77	14.84
Body889	Sun	1.7538e+27	8.936921e+07	5.023085e+12	5.032857e+12	71180.99	261.78	73.38	2.20
Body890	Sun	5.0499e+27	1.881770e+08	5.082263e+12	6.751547e+12	90869.22	496.31	19.06	29.52
Body891	Sun	3.5544e+27	1.118182e+08	4.101550e+12	5.779519e+12	69332.33	12.47	34.53	19.23
Body892	Sun	5.1213e+27	1.981277e+08	4.962453e+12	5.980001e+12	80798.27	878.56	63.18	27.81
Body893	Sun	2.3120e+27	1.059187e+08	3.737929e+12	5.344977e+12	61103.65	37.42	55.84	19.07
Body894	Sun	2.0410e+27	1.150072e+08	2.197804e+12	2.268740e+12	21071.10	361.73	11.83	29.64
Body895	Sun	3.7647e+27	1.146545e+08	8.334413e+11	1.198421e+12	6465.04	619.95	87.73	12.63
Body896	Sun	1.7355e+27	9.801284e+07	4.683433e+12	6.291740e+12	81160.92	444.16	87.54	6.68
Body897	Sun	7.2935e+27	1.625397e+08	3.357231e+12	4.999447e+12	53923.79	822.92	72.11	22.04
Body898	Sun	6.6285e+27	2.037502e+08	4.844520e+12	4.936118e+12	68277.99	29.24	81.98	21.95
Body899	Sun	1.6842e+27	1.137211e+08	2.469824e+12	2.759888e+12	26696.02	460.57	63.57	18.63
Body900	Sun	2.4186e+27	1.607411e+08	2.982492e+12	3.238720e+12	34637.17	589.08	9.82	22.36
Body901	Sun	4.0353e+26	6.996249e+07	2.770802e+12	4.057798e+12	39831.57	332.77	89.48	17.44
Body902	Sun	6.9997e+27	1.402819e+08	1.468676e+12	2.115553e+12	15146.90	82.73	23.56	21.67
Body903	Sun	9.0095e+27	1.526323e+08	5.151467e+12	5.523435e+12	77853.07	15.93	68.77	16.93
Body904	Sun	9.3407e+27	1.965046e+08	2.637404e+12	3.622830e+12	34963.57	919.74	59.10	16.73
Body905	Sun	3.2085e+26	5.013933e+07	8.042762e+11	8.171360e+11	4608.61	949.74	14.57	23.06
Body906	Sun	3.7850e+27	1.280485e+08	1.183235e+12	1.683654e+12	10835.43	852.13	70.27	10.34
Body907	Sun	2.6480e+26	5.174847e+07	1.046598e+12	1.364256e+12	8355.76	218.04	14.51	5.82
Body908	Sun	2.4312e+27	1.172284e+08	8.380161e+11	1.083915e+12	5947.53	106.16	81.81	8.69
Body909	Sun	9.2566e+27	2.018934e+08	4.086341e+12	4.254419e+12	53769.79	366.49	42.35	25.79
Body910	Sun	2.6978e+27	1.020001e+08	3.945385e+12	3.966988e+12	49680.96	189.00	22.29	4.31
Body911	Sun	2.0566e+27	1.379805e+08	4.213194e+12	4.451219e+12	56929.67	562.60	89.31	19.81
Body912	Sun	5.6975e+27	1.329535e+08	5.399017e+12	6.333268e+12	89702.35	733.81	29.12	16.19
Body913	Sun	4.5290e+27	1.235205e+08	2.705174e+12	3.224810e+12	32233.70	854.59	35.37	1.54
Body914	Sun	9.2915e+27	2.317542e+08	5.723276e+11	6.516184e+11	3022.55	287.99	26.48	14.03
Body915	Sun	2.2637e+27	1.467018e+08	4.223202e+11	4.787756e+11	1909.35	927.83	0.80	19.45
Body916	Sun	8.9138e+27	1.630103e+08	2.953990e+12	4.235366e+12	43029.35	80.83	67.48	19.74
Body917	Sun	8.1230e+27	1.685621e+08	4.722421e+12	5.675854e+12	74846.57	173.70	38.12	28.27
Body918	Sun	8.5658e+27	1.873783e+08	2.028237e+12	2.709902e+12	23021.92	343.97	20.60	17.20
Body919	Sun	9.6808e+27	1.716495e+08	1.323294e+11	1.952672e+11	418.54	839.79	75.20	20.80
Body920	Sun	6.0465e+27	1.440629e+08	4.079194e+12	4.918829e+12	60249.09	949.79	39.37	15.28
Body921	Sun	9.7294e+27	1.752036e+08	4.346371e+12	6.368675e+12	78292.65	688.58	66.03	7.59
Body922	Sun	9.9038e+26	7.644321e+07	1.243609e+12	1.470282e+12	9979.72	539.92	47.34	0.21
Body923	Sun	3.6920e+27	1.326657e+08	8.568142e+11	1.215266e+12	6657.94	512.56	7.32	19.32
Body924	Sun	4.8069e+27	1.718638e+08	2.737199e+12	3.870357e+12	37913.26	869.52	25.46	23.63
Body925	Sun	8.0857e+27	1.883346e+08	5.071976e+12	5.938110e+12	81548.49	578.64	45.40	10.10
Body926	Sun	9.4336e+27	2.109413e+08	4.093828e+12	4.700319e+12	58213.07	131.77	4.90	18.19
Body927	Sun	9.6302e+27	1.545824e+08	1.528901e+12	2.097620e+12	15415.77	60.77	88.85	25.42
Body928	Sun	7.5586e+27	1.623995e+08	4.780111e+12	5.399831e+12	72501.64	387.59	2.82	18.23
Body929	Sun	9.4361e+27	2.109805e+08	2.192647e+12	2.893119e+12	25601.45	447.08	80.03	21.78
Body930	Sun	9.8394e+27	1.713522e+08	8.904889e+11	1.116385e+12	6346.15	322.67	37.26	5.64
Body931	Sun	1.5862e+27	1.256934e+08	2.657506e+12	2.762755e+12	28168.27	705.38	66.36	20.86
Body932	Sun	9.5439e+27	1.957033e+08	1.193843e+12	1.539905e+12	10089.45	15.40	43.33	24.43
Body933	Sun	7.9503e+27	1.471589e+08	4.345304e+12	6.286505e+12	77382.12	205.28	36.60	9.72
Body934	Sun	3.3002e+27	1.489114e+08	2.117607e+12	2.922894e+12	25260.41	712.35	68.85	17.07
Body935	Sun	6.8989e+27	2.263511e+08	3.624918e+11	4.724467e+11	1702.99	358.80	36.73	28.47
Body936	Sun	2.1707e+27	1.436626e+08	3.458766e+12	4.690919e+12	51932.73	137.10	43.07	13.13
Body937	Sun	2.3864e+27	1.511023e+08	5.378949e+12	5.733397e+12	82687.25	52.29	16.98	0.50
Body938	Sun	6.9515e+27	1.540916e+08	3.514285e+12	5.186971e+12	57293.17	460.61	56.99	20.36
Body939	Sun	1.3898e+27	8.835811e+07	3.673510e+12	5.142321e+12	58428.51	297.22	74.79	3.62
Body940	Sun	6.0694e+27	1.460811e+08	1.667307e+12	1.905730e+12	15076.00	926.88	37.26	14.55
Body941	Sun	8.1265e+27	1.576104e+08	3.666605e+11	5.179083e+11	1857.07	568.81	54.94	23.86
Body942	Sun	4.7804e+27	1.234651e+08	1.255304e+12	1.838760e+12	12148.53	493.08	78.47	15.56
Body943	Sun	4.8865e+27	1.438232e+08	2.118617e+12	2.577518e+12	22716.47	124.95	75.62	11.73
Body944	Sun	4.4986e+27	1.673392e+08	1.997141e+12	2.740634e+12	23019.27	34.35	14.92	8.42
Body945	Sun	8.3663e+27	2.045337e+08	2.479854e+12	3.621033e+12	33637.16	95.77	88.72	17.62
Body946	Sun	8.1787e+27	1.834265e+08	1.723959e+12	2.345014e+12	18321.33	850.75	34.56	17.75
Body947	Sun	8.1232e+27	2.029997e+08	1.774054e+12	2.406211e+12	19078.12	682.11	41.44	8.43
Body948	Sun	7.0981e+27	1.594359e+08	4.136250e+12	4.621628e+12	57853.32	304.17	14.20	8.41
Body949	Sun	5.5316e+27	1.508422e+08	3.036615e+12	3.721194e+12	39213.78	763.52	70.01	23.52
Body950	Sun	7.0152e+26	8.735661e+07	4.224150e+11	4.382907e+11	1782.43	518.29	37.39	7.16
Body951	Sun	8.1207e+27	1.646354e+08	1.395397e+12	2.064396e+12	14364.98	639.84	49.95	27.61
Body952	Sun	3.0844e+27	1.441538e+08	4.469956e+12	4.663429e+12	61613.74	733.19	1.82	9.02
Body953	Sun	5.3440e+27	1.278778e+08	3.449772e+12	3.929226e+12	44743.08	957.26	36.43	0.01
Body954	Sun	3.9020e+27	1.808121e+08	3.289898e+12	4.902047e+12	52337.19	162.78	64.21	12.12
Body955	Sun	1.9279e+27	1.507578e+08	2.410559e+12	3.322906e+12	30644.72	922.73	15.60	0.33
Body956	Sun	4.0337e+27	1.363358e+08	3.754534e+12	4.670552e+12	54587.28	647.69	61.40	20.83
Body957	Sun	9.5558e+27	1.655077e+08	5.655370e+12	6.155176e+12	90601.40	746.58	44.72	0.51
Body958	Sun	3.1878e+27	1.102470e+08	5.507108e+11	7.222524e+11	3205.93	531.05	31.43	19.53
Body959	Sun	7.0292e+27	1.393594e+08	8.211169e+11	9.425702e+11	5228.32	656.53	46.30	25.23
Body960	Sun	6.7960e+27	1.608125e+08	5.651196e+12	5.784461e+12	86322.02	718.46	83.52	16.99
Body961	Sun	2.0496e+26	4.384273e+07	4.449490e+12	5.412307e+12	69129.60	347.37	78.72	9.00
Body962	Sun	4.9747e+27	1.349509e+08	6.647566e+11	8.916641e+11	4334.31	688.39	8.89	15.09
Body963	Sun	7.4275e+27	1.544248e+08	3.705493e+12	3.793595e+12	45839.79	639.73	35.88	11.80
Body964	Sun	9.3996e+27	2.527905e+08	4.155260e+12	4.581456e+12	57643.75	330.03	67.81	26.50
Body965	Sun	6.1341e+27	1.509903e+08	3.103846e+11	3.212377e+11	1120.51	615.43	82.14	11.37
Body966	Sun	6.4860e+27	1.666624e+08	2.025499e+12	2.295293e+12	20048.18	562.52	80.31	16.13
Body967	Sun	4.0086e+27	1.482775e+08	3.461858e+12	4.873522e+12	53717.77	493.58	6.27	11.65
Body968	Sun	3.6753e+27	1.189136e+08	4.596662e+11	6.425406e+11	2583.00	656.25	32.42	17.54
Body969	Sun	7.7517e+27	2.364890e+08	4.878933e+12	5.323472e+12	72741.75	650.56	10.18	1.26
Body970	Sun	9.4628e+27	1.843877e+08	3.127261e+12	3.361710e+12	36897.22	796.51	29.97	13.79
Body971	Sun	6.5392e+27	1.467656e+08	4.885127e+12	5.003186e+12	69408.58	608.91	45.78	7.55
Body972	Sun	5.4670e+27	1.552646e+08	4.419224e+12	6.528178e+12	80853.07	914.83	45.99	21.15
Body973	Sun	6.7549e+27	1.562021e+08	5.727253e+11	5.959512e+11	2820.14	282.86	38.82	15.24
Body974	Sun	1.4289e+27	9.081761e+07	4.449571e+12	6.459210e+12	80425.59	269.97	10.71	2.13
Body975	Sun	8.8962e+26	7.286235e+07	9.386321e+11	1.141941e+12	6698.92	601.91	53.85	2.66
Body976	Sun	2.2983e+27	1.041952e+08	3.751206e+12	4.501026e+12	52916.01	591.67	2.48	13.38
Body977	Sun	8.9964e+27	1.646334e+08	1.421345e+12	1.727040e+12	12469.86	898.10	87.91	1.04
Body978	Sun	4.9541e+27	1.836633e+08	4.056381e+12	5.242131e+12	63292.18	657.75	63.31	16.69
Body979	Sun	5.6612e+26	6.969991e+07	1.743268e+12	2.369721e+12	18619.42	27.00	35.79	26.74
Body980	Sun	3.0847e+27	1.656153e+08	3.097465e+12	4.455301e+12	46332.84	103.65	35.16	8.74
Body981	Sun	3.8056e+27	1.275380e+08	2.023278e+12	2.825936e+12	23836.19	35.48	27.01	14.81
Body982	Sun	7.0103e+27	1.562524e+08	3.548206e+12	4.129531e+12	47487.54	170.44	84.57	14.52
Body983	Sun	7.9453e+27	2.172024e+08	3.047713e+12	3.153610e+12	34471.20	821.11	47.65	0.26
Body984	Sun	1.1564e+27	8.757428e+07	2.987092e+12	3.351153e+12	35619.14	595.47	39.90	17.99
Body985	Sun	9.4331e+27	1.674678e+08	7.257341e+11	1.003653e+12	5076.55	608.60	34.92	26.08
Body986	Sun	6.5275e+27	1.719370e+08	6.408621e+11	7.965680e+11	3846.89	232.35	65.26	7.39
Body987	Sun	4.4072e+27	1.306786e+08	2.529860e+12	3.080041e+12	29659.43	253.80	54.92	28.95
Body988	Sun	9.5539e+27	2.183022e+08	1.418122e+12	2.090935e+12	14672.89	227.25	61.90	13.14
Body989	Sun	8.9543e+26	7.299262e+07	4.076913e+11	4.634054e+11	1814.80	69.34	21.79	27.72
Body990	Sun	6.6800e+26	6.532535e+07	4.230320e+12	4.422756e+12	56817.96	372.72	39.48	24.11
Body991	Sun	1.2620e+27	9.581909e+07	2.215779e+12	3.011099e+12	26674.32	65.13	38.57	8.01
Body992	Sun	9.0421e+27	1.589070e+08	2.550711e+12	2.910092e+12	28484.90	149.61	42.05	7.49
Body993	Sun	7.9869e+27	2.135912e+08	1.387325e+12	1.533150e+12	11140.64	276.25	87.97	14.32
Body994	Sun	9.8676e+27	2.170153e+08	4.044484e+12	4.167548e+12	52529.81	311.67	57.22	19.07
Body995	Sun	4.1751e+27	1.500429e+08	2.986791e+12	3.677782e+12	38405.05	914.76	16.88	17.72
Body996	Sun	2.1045e+27	1.078733e+08	3.243354e+12	4.801860e+12	50937.35	420.37	12.62	16.44
Body997	Sun	9.9630e+27	2.026574e+08	2.344182e+12	3.347771e+12	30312.51	969.87	65.30	23.86
Body998	Sun	2.6827e+27	1.133022e+08	1.164193e+12	1.170662e+12	7963.79	809.08	11.65	23.88
Body999	Sun	4.8481e+27	1.298132e+08	5.101330e+11	7.364529e+11	3106.80	265.81	84.90	9.30
Body1000	Sun	6.2122e+27	2.063187e+08	3.401797e+12	5.006911e+12	54428.18	766.08	54.48	19.00
